0	0
0.0025	0.156461353
0.005	0.309120567
0.0075	0.454208839
0.01	0.5881377
0.0125	0.707588078
0.015	0.809592984
0.0175	0.89161174
0.02	0.951593897
0.0225	0.988031201
0.025	0.999996287
0.0275	0.987167083
0.03	0.949836272
0.0325	0.888905511
0.035	0.805864496
0.0375	0.702755339
0.04	0.582123087
0.0425	0.446953555
0.045	0.300599987
0.0475	0.14670032
0.05	-0.010912914
0.0525	-0.168307823
0.055	-0.321551176
0.0575	-0.466806755
0.06	-0.600431595
0.0625	-0.719067675
0.065	-0.819726759
0.0675	-0.899866229
0.07	-0.957453964
0.0725	-0.991020607
0.075	-0.999697854
0.0775	-0.983241739
0.08	-0.942040289
0.0825	-0.877105282
0.085	-0.790048262
0.0875	-0.683041355
0.09	-0.558763818
0.0925	-0.420335613
0.095	-0.271239639
0.0975	-0.115234544
0.1	0.043739714
0.1025	0.201661189
0.105	0.354527656
0.1075	0.498458143
0.11	0.629791689
0.1125	0.74518084
0.115	0.841677454
0.1175	0.916808634
0.12	0.968640791
0.1225	0.995830188
0.125	0.9976586
0.1275	0.974053143
0.13	0.925589696
0.1325	0.853479768
0.135	0.759541087
0.1375	0.64615259
0.14	0.516194921
0.1425	0.372977891
0.145	0.220156724
0.1475	0.061639178
0.15	-0.098514097
0.1525	-0.256193442
0.155	-0.407345646
0.1575	-0.548078294
0.16	-0.674760288
0.1625	-0.784115963
0.165	-0.873310339
0.1675	-0.940023268
0.17	-0.982510539
0.1725	-0.999650303
0.175	-0.990973557
0.1775	-0.956677849
0.18	-0.897623788
0.1825	-0.815314364
0.185	-0.711857569
0.1875	-0.589913221
0.19	-0.452625297
0.1925	-0.303541493
0.195	-0.146522044
0.1975	0.014359869
0.2	0.174923552
0.2025	0.330989373
0.205	0.478487633
0.2075	0.613564918
0.21	0.732685141
0.2125	0.832722612
0.215	0.911044675
0.2175	0.96558172
0.22	0.994882682
0.2225	0.99815452
0.225	0.975284579
0.2275	0.926845197
0.23	0.854080347
0.2325	0.758874612
0.235	0.643705238
0.2375	0.511578453
0.24	0.365951681
0.2425	0.210643632
0.245	0.049734594
0.2475	-0.112540472
0.25	-0.27190326
0.2525	-0.424144933
0.255	-0.565237449
0.2575	-0.691440465
0.26	-0.799400956
0.2625	-0.886242897
0.265	-0.949644588
0.2675	-0.987901531
0.27	-0.999973126
0.2725	-0.985511899
0.275	-0.944874409
0.2775	-0.879113474
0.28	-0.789951857
0.2825	-0.679738045
0.285	-0.55138521
0.2875	-0.40829495
0.29	-0.254267748
0.2925	-0.093402518
0.295	0.070012138
0.2975	0.231612078
0.3	0.387074146
0.3025	0.532231966
0.305	0.663187887
0.3075	0.776418093
0.31	0.868867997
0.3125	0.938035352
0.315	0.98203878
0.3175	0.999669836
0.32	0.990427127
0.3225	0.954531523
0.325	0.892921953
0.3275	0.807231844
0.33	0.699746759
0.3325	0.573344299
0.335	0.431417833
0.3375	0.277786057
0.34	0.116590764
0.3425	-0.047814446
0.345	-0.210981538
0.3475	-0.368488336
0.35	-0.516058493
0.3525	-0.649677881
0.355	-0.765704214
0.3575	-0.860966915
0.36	-0.932854471
0.3625	-0.979386836
0.365	-0.999270875
0.3675	-0.99193726
0.37	-0.957557748
0.3725	-0.897042283
0.375	-0.812015945
0.3775	-0.704776277
0.38	-0.578232096
0.3825	-0.435825394
0.385	-0.281438383
0.3875	-0.119288203
0.39	0.046187888
0.3925	0.210453721
0.395	0.368998513
0.3975	0.517460857
0.4	0.651748991
0.4025	0.768154019
0.405	0.863452947
0.4075	0.934998652
0.41	0.980794256
0.4125	0.999549782
0.415	0.990719489
0.4175	0.954518741
0.42	0.891919898
0.4225	0.804627252
0.425	0.695031617
0.4275	0.566145758
0.43	0.421522378
0.4325	0.265156874
0.435	0.101377493
0.4375	-0.065274098
0.44	-0.230168544
0.4425	-0.388717367
0.445	-0.536500798
0.4475	-0.669391298
0.45	-0.783669326
0.4525	-0.87612808
0.455	-0.944164254
0.4575	-0.985852217
0.46	-0.999999482
0.4625	-0.986181833
0.465	-0.944757063
0.4675	-0.876856843
0.47	-0.784356877
0.4725	-0.669826086
0.475	-0.536456186
0.4775	-0.38797354
0.48	-0.228535716
0.4825	-0.06261559
0.485	0.105123785
0.4875	0.269960064
0.49	0.427244561
0.4925	0.572533548
0.495	0.701714173
0.4975	0.811121423
0.5	0.897642795
0.5025	0.958807665
0.505	0.992858768
0.5075	0.998803694
0.51	0.976444863
0.5125	0.926387058
0.515	0.850022201
0.5175	0.749491726
0.52	0.627627531
0.5225	0.487873116
0.525	0.334187057
0.5275	0.170931518
0.53	0.002748908
0.5325	-0.165569832
0.535	-0.329221602
0.5375	-0.483528275
0.54	-0.624070698
0.5425	-0.74681569
0.545	-0.848232402
0.5475	-0.925394642
0.55	-0.976066199
0.5525	-0.998766638
0.555	-0.992815615
0.5575	-0.95835435
0.56	-0.896343558
0.5625	-0.808537806
0.565	-0.697436945
0.5675	-0.566215926
0.57	-0.418634946
0.5725	-0.258932435
0.575	-0.091703911
0.5775	0.078229858
0.58	0.245961608
0.5825	0.406639268
0.585	0.55560649
0.5875	0.688537958
0.59	0.801565511
0.5925	0.891391417
0.595	0.955385438
0.5975	0.99166282
0.6	0.999140856
0.6025	0.977572314
0.605	0.927554652
0.6075	0.850514662
0.61	0.748668912
0.6125	0.624961023
0.615	0.48297755
0.6175	0.326844815
0.62	0.161109655
0.6225	-0.009392497
0.625	-0.179678388
0.6275	-0.34476249
0.63	-0.499803055
0.6325	-0.640244426
0.635	-0.761951375
0.6375	-0.861331539
0.64	-0.935442266
0.6425	-0.982078706
0.645	-0.999840463
0.6475	-0.988174767
0.65	-0.947394817
0.6525	-0.878672634
0.655	-0.784006575
0.6575	-0.666164326
0.66	-0.52860301
0.6625	-0.375368646
0.665	-0.210977885
0.6675	-0.040285436
0.67	0.131658929
0.6725	0.299759605
0.675	0.459026202
0.6775	0.604721947
0.68	0.732505003
0.6825	0.8385585
0.685	0.919705342
0.6875	0.973504336
0.69	0.998324688
0.6925	0.993396578
0.695	0.95883621
0.6975	0.895644484
0.7	0.80567924
0.7025	0.691601803
0.705	0.556799312
0.7075	0.4052851
0.71	0.241579987
0.7125	0.070578004
0.715	-0.102599504
0.7175	-0.272757044
0.72	-0.434780859
0.7225	-0.583792824
0.725	-0.715297746
0.7275	-0.825319592
0.73	-0.910522499
0.7325	-0.968312872
0.735	-0.996919406
0.7375	-0.995448539
0.74	-0.963913561
0.7425	-0.903236414
0.745	-0.815221998
0.7475	-0.702505691
0.75	-0.568475532
0.7525	-0.417171366
0.755	-0.253163892
0.7575	-0.081417232
0.76	0.09286088
0.7625	0.264376785
0.765	0.427911683
0.7675	0.578480641
0.77	0.711484976
0.7725	0.822853338
0.775	0.909167152
0.7775	0.967766522
0.78	0.996833303
0.7825	0.995448695
0.785	0.963623525
0.7875	0.902300159
0.79	0.813325902
0.7925	0.699398574
0.795	0.563985841
0.7975	0.411220658
0.8	0.24577597
0.8025	0.072722415
0.805	-0.102626641
0.8075	-0.274878017
0.81	-0.438724603
0.8125	-0.589109106
0.815	-0.721380599
0.8175	-0.831439023
0.82	-0.915863126
0.8225	-0.97201782
0.825	-0.998137566
0.8275	-0.99338311
0.83	-0.95786971
0.8325	-0.892665877
0.835	-0.799762548
0.8375	-0.682013542
0.84	-0.543049037
0.8425	-0.387164657
0.845	-0.219189512
0.8475	-0.044337239
0.85	0.131955404
0.8525	0.304197389
0.855	0.467014499
0.8575	0.615317285
0.86	0.74446066
0.8625	0.850390107
0.865	0.929769872
0.8675	0.980089071
0.87	0.999742297
0.8725	0.988082114
0.875	0.945441664
0.8775	0.873126599
0.88	0.773376434
0.8825	0.649296453
0.885	0.504762174
0.8875	0.344299291
0.89	0.172942763
0.8925	-0.003920575
0.895	-0.18072098
0.8975	-0.35188108
0.9	-0.511991921
0.9025	-0.65598426
0.905	-0.779289633
0.9075	-0.877986098
0.91	-0.948923952
0.9125	-0.98982738
0.915	-0.999368713
0.9175	-0.977212842
0.92	-0.924030254
0.9225	-0.841478172
0.925	-0.732150254
0.9275	-0.599496362
0.93	-0.447714808
0.9325	-0.281620436
0.935	-0.10649263
0.9375	0.072091966
0.94	0.248436738
0.9425	0.416906778
0.945	0.572109152
0.9475	0.709065988
0.95	0.823374815
0.9525	0.911350979
0.955	0.970147475
0.9575	0.997848299
0.96	0.993532201
0.9625	0.957304678
0.965	0.890297068
0.9675	0.794632647
0.97	0.673360686
0.9725	0.530360478
0.975	0.370218311
0.9775	0.198081261
0.98	0.019492418
0.9825	-0.159787183
0.985	-0.333964235
0.9875	-0.497400448
0.99	-0.644795413
0.9925	-0.77135908
0.995	-0.872968241
0.9975	-0.946301867
1	-0.988950831
1.0025	-0.999498355
1.005	-0.97756846
1.0075	-0.923840704
1.01	-0.840030628
1.0125	-0.728836387
1.015	-0.593853199
1.0175	-0.439458266
1.02	-0.270669821
1.0225	-0.092984794
1.025	0.087799666
1.0275	0.265775044
1.03	0.435114546
1.0325	0.590264109
1.035	0.726125072
1.0375	0.838222472
1.04	0.922853406
1.0425	0.977210493
1.045	0.999476294
1.0475	0.988885471
1.05	0.945752519
1.0525	0.871464019
1.055	0.768435545
1.0575	0.640034497
1.06	0.490471291
1.0625	0.324662369
1.065	0.14806945
1.0675	-0.033479744
1.07	-0.213983438
1.0725	-0.387464112
1.075	-0.548166618
1.0775	-0.690749551
1.08	-0.810463476
1.0825	-0.903310057
1.085	-0.966176727
1.0875	-0.99694232
1.09	-0.994550045
1.0925	-0.959045249
1.095	-0.89157657
1.0975	-0.794360312
1.1	-0.670609079
1.1025	-0.524426926
1.105	-0.3606744
1.1075	-0.184807857
1.11	-0.002698358
1.1125	0.179563893
1.115	0.35587306
1.1175	0.520312342
1.12	0.667352935
1.1225	0.792040588
1.125	0.890163435
1.1275	0.958395389
1.13	0.994410183
1.1325	0.996962102
1.135	0.965930567
1.1375	0.902326918
1.14	0.808263037
1.1425	0.686882715
1.145	0.542257944
1.1475	0.379253509
1.15	0.203364332
1.1525	0.020530985
1.155	-0.163060475
1.1575	-0.34118761
1.16	-0.507802599
1.1625	-0.657237954
1.165	-0.784399965
1.1675	-0.884943234
1.17	-0.955420304
1.1725	-0.993401179
1.175	-0.997558563
1.1775	-0.967715765
1.18	-0.904855515
1.1825	-0.811089222
1.185	-0.689587584
1.1875	-0.54447477
1.19	-0.380689659
1.1925	-0.203818766
1.195	-0.019906447
1.1975	0.16475116
1.2	0.343821486
1.2025	0.511152797
1.205	0.660985926
1.2075	0.78815317
1.21	0.888257462
1.2125	0.957825575
1.215	0.994429982
1.2175	0.996775052
1.22	0.964744476
1.2225	0.899408132
1.225	0.802988005
1.2275	0.678784177
1.23	0.531063302
1.2325	0.364913279
1.235	0.186069025
1.2375	0.000715289
1.24	-0.184726755
1.2425	-0.363821786
1.245	-0.530343788
1.2475	-0.678492936
1.25	-0.803098322
1.2525	-0.899799434
1.255	-0.965199967
1.2575	-0.996988519
1.26	-0.994021817
1.2625	-0.956367444
1.265	-0.885304401
1.2675	-0.78328135
1.27	-0.653833808
1.2725	-0.501463055
1.275	-0.331480845
1.2775	-0.149825228
1.28	0.037146162
1.2825	0.22287819
1.285	0.40084792
1.2875	0.564793913
1.29	0.708937031
1.2925	0.828184958
1.295	0.918313179
1.2975	0.976115933
1.3	0.999521716
1.3025	0.98766912
1.305	0.940940173
1.3075	0.860949852
1.31	0.750491957
1.3125	0.613443115
1.315	0.454628129
1.3175	0.279651326
1.32	0.094699727
1.3225	-0.09367506
1.325	-0.278788584
1.3275	-0.454060721
1.33	-0.613249887
1.3325	-0.750675925
1.335	-0.861423697
1.3375	-0.941520058
1.34	-0.988077782
1.3425	-0.999401204
1.345	-0.975049638
1.3475	-0.91585616
1.35	-0.823900899
1.3525	-0.70243964
1.355	-0.555790101
1.3575	-0.389179817
1.36	-0.208560931
1.3625	-0.020398408
1.365	0.168560819
1.3675	0.351529551
1.37	0.521924224
1.3725	0.673602246
1.375	0.801084195
1.3775	0.899752812
1.38	0.966021544
1.3825	0.997466413
1.385	0.992916332
1.3875	0.952498445
1.39	0.877636664
1.3925	0.771003301
1.395	0.636425347
1.3975	0.478748639
1.4	0.303664665
1.4025	0.11750615
1.405	-0.072981262
1.4075	-0.260883048
1.41	-0.43936673
1.4125	-0.601930612
1.415	-0.742641235
1.4175	-0.856350878
1.42	-0.9388871
1.4225	-0.987207281
1.425	-0.999512421
1.4275	-0.975315851
1.43	-0.915464198
1.4325	-0.822109641
1.435	-0.698634298
1.4375	-0.54952932
1.44	-0.380232963
1.4425	-0.196933418
1.445	-0.006343497
1.4475	0.184544649
1.45	0.368715839
1.4525	0.539389822
1.455	0.690271389
1.4575	0.815783397
1.46	0.911274055
1.4625	0.973190723
1.465	0.999213687
1.4675	0.988344809
1.47	0.940947616
1.4725	0.858737145
1.475	0.74471974
1.4775	0.603084839
1.48	0.439052575
1.4825	0.258682676
1.485	0.068651616
1.4875	-0.123993838
1.49	-0.312097606
1.4925	-0.488660148
1.495	-0.647099323
1.4975	-0.781496513
1.5	-0.886818786
1.5025	-0.959108723
1.505	-0.995634692
1.5075	-0.99499582
1.51	-0.957177561
1.5125	-0.883555589
1.515	-0.776847685
1.5175	-0.64101521
1.52	-0.481117675
1.5225	-0.303125676
1.525	-0.113699057
1.5275	0.080061493
1.53	0.270880188
1.5325	0.451579301
1.535	0.615349482
1.5375	0.756007039
1.54	0.868228455
1.5425	0.947753191
1.545	0.991547009
1.5475	0.99791951
1.55	0.966591248
1.5525	0.898707708
1.555	0.796799412
1.5575	0.664689458
1.56	0.507351791
1.5625	0.330725406
1.565	0.141491347
1.5675	-0.053179152
1.57	-0.245895944
1.5725	-0.429330404
1.575	-0.596494406
1.5775	-0.741007191
1.58	-0.857339938
1.5825	-0.941028602
1.585	-0.9888468
1.5875	-0.998931979
1.59	-0.970859864
1.5925	-0.905664164
1.595	-0.805800542
1.5975	-0.675056051
1.6	-0.518407269
1.6025	-0.341832393
1.605	-0.152084325
1.6075	0.043566693
1.61	0.237611117
1.6125	0.422588205
1.615	0.591373138
1.6175	0.737452103
1.62	0.855174696
1.6225	0.939973821
1.625	0.988544485
1.6275	0.998974429
1.63	0.970821362
1.6325	0.905133612
1.635	0.804413177
1.6375	0.672522395
1.64	0.514537619
1.6425	0.336555386
1.645	0.145458405
1.6475	-0.051349696
1.65	-0.246230694
1.6525	-0.431608084
1.655	-0.600261937
1.6575	-0.745610773
1.66	-0.86196946
1.6625	-0.944772968
1.665	-0.990757127
1.6675	-0.99808918
1.67	-0.966442821
1.6725	-0.897014596
1.675	-0.792480783
1.6775	-0.656896223
1.68	-0.495538843
1.6825	-0.314705756
1.685	-0.121468749
1.6875	0.076601386
1.69	0.271730984
1.6925	0.456248534
1.695	0.622886631
1.6975	0.765068969
1.7	0.877171003
1.7025	0.954743916
1.705	0.99469291
1.7075	0.995402613
1.71	0.956804449
1.7125	0.880383089
1.715	0.769121494
1.7175	0.627386484
1.72	0.460759159
1.7225	0.275816662
1.725	0.079873762
1.7275	-0.119305633
1.73	-0.313815701
1.7325	-0.495922527
1.735	-0.658372062
1.7375	-0.794679942
1.74	-0.89939156
1.7425	-0.968301913
1.745	-0.998626296
1.7475	-0.989114858
1.75	-0.940106217
1.7525	-0.85351777
1.755	-0.73277284
1.7575	-0.582667339
1.76	-0.40918105
1.7625	-0.219240883
1.765	-0.020445425
1.7675	0.17923833
1.77	0.371793975
1.7725	0.549477677
1.775	0.705130187
1.7775	0.832466312
1.78	0.926330091
1.7825	0.982905258
1.785	0.999872354
1.7875	0.976505921
1.79	0.913707649
1.7925	0.813973878
1.795	0.681298525
1.7975	0.521015114
1.8	0.339584084
1.8025	0.144333773
1.805	-0.056834596
1.8075	-0.255766079
1.81	-0.444382476
1.8125	-0.615010706
1.815	-0.760695726
1.8175	-0.87548522
1.82	-0.954674341
1.8225	-0.995000398
1.825	-0.99477935
1.8275	-0.953978322
1.83	-0.874220941
1.8325	-0.75872501
1.835	-0.612174816
1.8375	-0.440533056
1.84	-0.250799833
1.8425	-0.05072841
1.845	0.151490799
1.8475	0.34756515
1.85	0.529439932
1.8525	0.689629811
1.855	0.821527899
1.8575	0.919679649
1.86	0.980010166
1.8625	0.999995393
1.865	0.9787699
1.8675	0.917166589
1.87	0.817686423
1.8725	0.684399148
1.875	0.522778874
1.8775	0.339481041
1.88	0.142069797
1.8825	-0.061293105
1.885	-0.262185156
1.8875	-0.452271803
1.89	-0.623652588
1.8925	-0.769190341
1.895	-0.882809662
1.8975	-0.959752179
1.9	-0.99677777
1.9025	-0.992303188
1.905	-0.946472045
1.9075	-0.861153002
1.91	-0.739865942
1.9125	-0.587638963
1.915	-0.410801873
1.9175	-0.216724618
1.92	-0.013511351
1.9225	0.190337192
1.925	0.386278994
1.9275	0.566088885
1.93	0.722204499
1.9325	0.848045457
1.935	0.938292285
1.9375	0.989113162
1.94	0.998328769
1.9425	0.965508062
1.945	0.891990659
1.9475	0.780834627
1.95	0.636691587
1.9525	0.465614134
1.955	0.274803455
1.9575	0.072307588
1.96	-0.133317093
1.9625	-0.33336697
1.965	-0.519359641
1.9675	-0.683394136
1.97	-0.81848759
1.9725	-0.91887397
1.975	-0.980252022
1.9775	-0.999971709
1.98	-0.977150958
1.9825	-0.912717494
1.985	-0.809373684
1.9875	-0.671485595
1.99	-0.504900729
1.9925	-0.316701923
1.995	-0.114907705
1.9975	0.09186829
2	0.294784427
2.0025	0.485149084
2.005	0.654793409
2.0075	0.796422822
2.01	0.903932104
2.0125	0.972670387
2.015	0.999644494
2.0175	0.98365163
2.02	0.925335455
2.0225	0.827162838
2.025	0.693321979
2.0275	0.529546008
2.03	0.342869374
2.0325	0.141327301
2.035	-0.066388933
2.0375	-0.271306154
2.04	-0.464556799
2.0425	-0.637763065
2.045	-0.783401034
2.0475	-0.895128903
2.05	-0.968064961
2.0525	-0.999003038
2.055	-0.98655583
2.0575	-0.931219608
2.06	-0.835357176
2.0625	-0.703099527
2.065	-0.540170161
2.0675	-0.353639442
2.07	-0.151619424
2.0725	0.057087733
2.075	0.263372592
2.0775	0.458215892
2.08	0.633083287
2.0825	0.78030009
2.085	0.893389521
2.0875	0.967359499
2.09	0.9989252
2.0925	0.986657363
2.095	0.931049556
2.0975	0.834501121
2.1	0.70121625
2.1025	0.537023296
2.105	0.349121985
2.1075	0.145769394
2.11	-0.064081684
2.1125	-0.271176202
2.115	-0.466364908
2.1175	-0.641008967
2.12	-0.787363286
2.1225	-0.898921454
2.125	-0.970706906
2.1275	-0.999497176
2.13	-0.983971059
2.1325	-0.924771836
2.135	-0.824483455
2.1375	-0.68752038
2.14	-0.519935687
2.1425	-0.32915564
2.145	-0.123652276
2.1475	0.087431624
2.15	0.294688655
2.1525	0.48886597
2.155	0.661278867
2.1575	0.804200274
2.16	0.911208614
2.1625	0.977478324
2.165	0.999999815
2.1675	0.977718719
2.17	0.911587896
2.1725	0.804529528
2.175	0.66130865
2.1775	0.48832348
2.18	0.293321656
2.1825	0.085054861
2.185	-0.127112836
2.1875	-0.33362545
2.19	-0.525165513
2.1925	-0.693075083
2.195	-0.82974828
2.1975	-0.928977497
2.2	-0.98623747
2.2025	-0.998894096
2.205	-0.966328274
2.2075	-0.88996882
2.21	-0.773232637
2.2125	-0.621374475
2.215	-0.441252787
2.2175	-0.241021986
2.22	-0.029764818
2.2225	0.182918648
2.225	0.387346855
2.2275	0.574197668
2.23	0.734934264
2.2325	0.862196511
2.235	0.950139849
2.2375	0.994705968
2.24	0.993812664
2.2425	0.947453879
2.245	0.857704988
2.2475	0.72863275
2.25	0.566113675
2.2525	0.377568801
2.255	0.171626734
2.2575	-0.042269836
2.26	-0.254296265
2.2625	-0.454697009
2.265	-0.634234888
2.2675	-0.784617874
2.27	-0.898883627
2.2725	-0.971723889
2.275	-0.999733523
2.2775	-0.98157241
2.28	-0.918032385
2.2825	-0.812005761
2.285	-0.66835651
2.2875	-0.49369972
2.29	-0.296099182
2.2925	-0.084696839
2.295	0.130708964
2.2975	0.340117038
2.3	0.533787739
2.3025	0.702696638
2.305	0.838956309
2.3075	0.936186463
2.31	0.989814983
2.3125	0.997295551
2.315	0.95823139
2.3175	0.874398991
2.32	0.749670328
2.3225	0.589836815
2.325	0.402342881
2.3275	0.195941285
2.33	-0.019713962
2.3325	-0.234518208
2.335	-0.438389326
2.3375	-0.621741293
2.34	-0.775935919
2.3425	-0.893691405
2.345	-0.969428331
2.3475	-0.999536535
2.35	-0.982550014
2.3525	-0.919221243
2.355	-0.812491019
2.3575	-0.667354864
2.36	-0.490631899
2.3625	-0.290646764
2.365	-0.076839287
2.3675	0.140679859
2.37	0.351606689
2.3725	0.545932078
2.375	0.714417459
2.3775	0.849035413
2.38	0.94335406
2.3825	0.992846778
2.385	0.995112207
2.3875	0.949993737
2.39	0.859592388
2.3925	0.728172081
2.395	0.561961387
2.3975	0.368860856
2.4	0.158069527
2.4025	-0.060351801
2.405	-0.275959906
2.4075	-0.478428274
2.41	-0.658042186
2.4125	-0.806166015
2.415	-0.915660192
2.4175	-0.981227624
2.42	-0.999672672
2.4225	-0.97005987
2.425	-0.8937644
2.4275	-0.774411455
2.43	-0.617707007
2.4325	-0.431167717
2.435	-0.223762642
2.4375	-0.005483704
2.44	0.213134603
2.4425	0.421523223
2.445	0.609589808
2.4475	0.768208486
2.45	0.889664336
2.4525	0.968030823
2.455	0.999461653
2.4575	0.982382524
2.46	0.917573097
2.4625	0.808134779
2.465	0.659345446
2.4675	0.478407752
2.47	0.274102891
2.4725	0.056366318
2.475	-0.164194153
2.4775	-0.376814579
2.48	-0.571100344
2.4825	-0.737535196
2.485	-0.867948889
2.4875	-0.955920397
2.49	-0.997096676
2.4925	-0.989411046
2.495	-0.933190096
2.4975	-0.831143426
2.5	-0.688236302
2.5025	-0.511451031
2.505	-0.309448373
2.5075	-0.092145274
2.51	0.129770582
2.5125	0.345365735
2.515	0.543999652
2.5175	0.715850654
2.52	0.852403026
2.5225	0.946871083
2.525	0.994538986
2.5275	0.992999155
2.53	0.942277092
2.5325	0.844835993
2.535	0.705460458
2.5375	0.531024626
2.54	0.330155793
2.5425	0.112809856
2.545	-0.110220647
2.5475	-0.32784167
2.55	-0.529209463
2.5525	-0.704271627
2.555	-0.844270371
2.5575	-0.942182722
2.56	-0.993075461
2.5625	-0.994356715
2.565	-0.945911232
2.5675	-0.850112131
2.57	-0.711708063
2.5725	-0.537590963
2.575	-0.336455598
2.5775	-0.118367579
2.58	0.105738817
2.5825	0.324608041
2.585	0.527228513
2.5875	0.703387357
2.59	0.844186621
2.5925	0.942494851
2.595	0.993310969
2.5975	0.994021791
2.6	0.94453974
2.6025	0.84731338
2.605	0.707209712
2.6075	0.531273743
2.61	0.328377
2.6125	0.10877241
2.615	-0.116422259
2.6175	-0.335786447
2.62	-0.538175964
2.6225	-0.713289919
2.625	-0.852196521
2.6275	-0.947790851
2.63	-0.995161035
2.6325	-0.99184381
2.635	-0.937956029
2.6375	-0.83619493
2.64	-0.691706646
2.6425	-0.511829188
2.645	-0.305722557
2.6475	-0.08390448
2.65	0.142284809
2.6525	0.361261591
2.655	0.56179197
2.6575	0.733569073
2.66	0.867744448
2.6625	0.957386183
2.665	0.997839912
2.6675	0.986973765
2.67	0.925294212
2.6725	0.81592634
2.675	0.664459064
2.6775	0.478662746
2.68	0.26809332
2.6825	0.043602939
2.685	-0.183217913
2.6875	-0.400638233
2.69	-0.597393442
2.6925	-0.763270056
2.695	-0.889637677
2.6975	-0.969900516
2.7	-0.999844692
2.7025	-0.977862884
2.705	-0.905044168
2.7075	-0.785123877
2.71	-0.624295549
2.7125	-0.430894242
2.715	-0.214967224
2.7175	0.012245975
2.72	0.238897363
2.7225	0.453147892
2.725	0.643786302
2.7275	0.800817054
2.73	0.915986456
2.7325	0.98321918
2.735	0.998941955
2.7375	0.96227703
2.74	0.875094744
2.7425	0.741921932
2.745	0.569710401
2.7475	0.367477152
2.75	0.14583478
2.7525	-0.08356362
2.755	-0.308636115
2.7575	-0.517508115
2.76	-0.699139583
2.7625	-0.843910113
2.765	-0.944130806
2.7675	-0.994455566
2.77	-0.992169691
2.7725	-0.937339993
2.775	-0.832817974
2.7775	-0.684095317
2.78	-0.499018823
2.7825	-0.287379375
2.785	-0.060396318
2.7875	0.169875734
2.79	0.391186387
2.7925	0.591741362
2.795	0.76083211
2.7975	0.889409488
2.8	0.97057065
2.8025	0.999932845
2.805	0.975873697
2.8075	0.899624626
2.81	0.775211836
2.8125	0.609247469
2.815	0.410581535
2.8175	0.189832758
2.82	-0.041176943
2.8225	-0.270054333
2.825	-0.484499415
2.8275	-0.672967017
2.83	-0.825289832
2.8325	-0.933229188
2.835	-0.990923619
2.8375	-0.995210639
2.84	-0.945803893
2.8425	-0.845315555
2.845	-0.699122193
2.8475	-0.515080733
2.85	-0.303109355
2.8525	-0.074655469
2.855	0.157920809
2.8575	0.382014582
2.86	0.585459457
2.8625	0.757189132
2.865	0.887841285
2.8675	0.970270678
2.87	0.999943244
2.8725	0.975189227
2.875	0.897301068
2.8775	0.770470087
2.88	0.601564822
2.8825	0.399762523
2.885	0.176053369
2.8875	-0.05735597
2.89	-0.287707167
2.8925	-0.502387336
2.895	-0.689620335
2.8975	-0.839114338
2.9	-0.942629989
2.9025	-0.994437655
2.905	-0.991638221
2.9075	-0.934329285
2.91	-0.825607023
2.9125	-0.67140299
2.915	-0.480164224
2.9175	-0.262393701
2.92	-0.030075944
2.9225	0.203980926
2.925	0.426850679
2.9275	0.626203181
2.93	0.790987847
2.9325	0.91204839
2.935	0.982634545
2.9375	0.998782029
2.94	0.959539139
2.9425	0.867026849
2.945	0.726328417
2.9475	0.545214002
2.95	0.333714981
2.9525	0.103571086
2.955	-0.132419325
2.9575	-0.361110023
2.96	-0.569739261
2.9625	-0.746642953
2.965	-0.881908753
2.9675	-0.967934267
2.97	-0.999857797
2.9725	-0.975837045
2.975	-0.89715957
2.9775	-0.768178185
2.98	-0.596074235
2.9825	-0.390461412
2.985	-0.162851727
2.9875	0.073986855
2.99	0.306745404
2.9925	0.52232168
2.995	0.708558471
2.9975	0.854930963
3	0.953144185
3.0025	0.997606485
3.005	0.985751803
3.0075	0.918191976
3.01	0.798689809
3.0125	0.633953749
3.015	0.433265126
3.0175	0.207958436
3.02	-0.029216413
3.0225	-0.264814149
3.025	-0.485455911
3.0275	-0.678589605
3.03	-0.833205621
3.0325	-0.940466988
3.035	-0.994217788
3.0375	-0.991340374
3.04	-0.931940459
3.0425	-0.819348862
3.045	-0.659939106
3.0475	-0.462770612
3.05	-0.239077197
3.0525	-0.001629591
3.055	0.235992035
3.0575	0.460174168
3.06	0.658050373
3.0625	0.81824128
3.065	0.93151148
3.0675	0.991305285
3.07	0.994130093
3.0725	0.939764706
3.075	0.831279955
3.0775	0.67486973
3.08	0.479501437
3.0825	0.256405355
3.085	0.018431774
3.0875	-0.22068745
3.09	-0.447130605
3.0925	-0.647785478
3.095	-0.811010126
3.0975	-0.927310831
3.1	-0.989897622
3.1025	-0.995084679
3.105	-0.942511778
3.1075	-0.835173241
3.11	-0.679251964
3.1125	-0.483767456
3.115	-0.260057659
3.1175	-0.021124106
3.12	0.219121922
3.1225	0.446668654
3.125	0.648221452
3.1275	0.811981094
3.13	0.928337056
3.1325	0.990434923
3.135	0.994584236
3.1375	0.940482279
3.14	0.831239998
3.1425	0.673207763
3.145	0.47561046
3.1475	0.250012607
3.15	0.009644305
3.1525	-0.231372877
3.155	-0.458854882
3.1575	-0.6593904
3.16	-0.821133151
3.1625	-0.934504323
3.165	-0.992763361
3.1675	-0.992412906
3.17	-0.933413304
3.1725	-0.819193295
3.175	-0.656455457
3.1775	-0.454787163
3.18	-0.226099366
3.1825	0.016074165
3.185	0.257376085
3.1875	0.483476108
3.19	0.680922669
3.1925	0.837944977
3.195	0.945157528
3.1975	0.996124766
3.2	0.98775169
3.2025	0.920476474
3.205	0.798252842
3.2075	0.628322449
3.21	0.420790083
3.2125	0.188026342
3.215	-0.056067134
3.2175	-0.296886391
3.22	-0.519998534
3.2225	-0.71200757
3.225	-0.861360702
3.2275	-0.95904646
3.23	-0.999142288
3.2325	-0.979178104
3.235	-0.900293245
3.2375	-0.76717657
3.24	-0.587792512
3.2425	-0.372908766
3.245	-0.135453385
3.2475	0.110260566
3.25	0.349396439
3.2525	0.567489766
3.255	0.751324282
3.2575	0.889735089
3.26	0.974290036
3.2625	0.999807519
3.265	0.964678681
3.2675	0.870973708
3.27	0.724324923
3.2725	0.533592965
3.275	0.310335523
3.2775	0.06811023
3.28	-0.17834646
3.2825	-0.414014787
3.285	-0.624507283
3.2875	-0.796948599
3.29	-0.920765684
3.2925	-0.988339681
3.295	-0.995479113
3.2975	-0.941684732
3.3	-0.830189002
3.3025	-0.667766948
3.305	-0.464329103
3.3075	-0.232320724
3.31	0.014036576
3.3125	0.259614722
3.315	0.489307547
3.3175	0.688960683
3.32	0.846245708
3.3225	0.951424464
3.325	0.997955957
3.3275	0.9829078
3.33	0.907146041
3.3325	0.775290786
3.335	0.595439493
3.3375	0.378674166
3.34	0.138382168
3.3425	-0.110567966
3.345	-0.352745142
3.3475	-0.57311208
3.35	-0.757960205
3.3525	-0.895764842
3.355	-0.97790725
3.3575	-0.999218025
3.36	-0.958307364
3.3625	-0.857660794
3.365	-0.703493503
3.3675	-0.50537145
3.37	-0.275622036
3.3725	-0.028570362
3.375	0.220351809
3.3775	0.455569122
3.38	0.662337672
3.3825	0.827670967
3.385	0.941158556
3.3875	0.995625528
3.39	0.98759088
3.3925	0.917495165
3.395	0.789682241
3.3975	0.612135338
3.4	0.395983123
3.4025	0.154806021
3.405	-0.096214218
3.4075	-0.341248638
3.41	-0.564819029
3.4125	-0.752776799
3.415	-0.893200822
3.4175	-0.977157114
3.42	-0.999271719
3.4225	-0.958079802
3.425	-0.856127944
3.4275	-0.69982224
3.43	-0.499030848
3.4325	-0.266465346
3.435	-0.016879362
3.4375	0.233865197
3.44	0.469805385
3.4425	0.67589402
3.445	0.838961243
3.4475	0.948559296
3.45	0.997636112
3.4525	0.982994049
3.455	0.905503615
3.4575	0.77005758
3.46	0.585267431
3.4625	0.36292064
3.465	0.117232631
3.4675	-0.136059336
3.47	-0.380702795
3.4725	-0.60097292
3.475	-0.782684696
3.4775	-0.914109153
3.48	-0.986734344
3.4825	-0.995821431
3.485	-0.940719262
3.4875	-0.824916231
3.49	-0.655825063
3.4925	-0.444313439
3.495	-0.204009806
3.4975	0.049571537
3.5	0.300030154
3.5025	0.531139686
3.505	0.727900068
3.5075	0.877513464
3.51	0.970220278
3.5125	0.999940409
3.515	0.964677318
3.5175	0.866657737
3.52	0.712196903
3.5225	0.511297087
3.525	0.27700453
3.5275	0.024565868
3.53	-0.229561706
3.5325	-0.468782396
3.535	-0.677446155
3.5375	-0.841874535
3.54	-0.951260679
3.5425	-0.998384025
3.545	-0.980092181
3.5475	-0.897517473
3.55	-0.756012958
3.5525	-0.564811034
3.555	-0.336426032
3.5575	-0.085839116
3.56	0.170481697
3.5625	0.415662476
3.565	0.633534416
3.5675	0.809701825
3.57	0.932496401
3.5725	0.99375436
3.575	0.989364372
3.5775	0.919549201
3.58	0.788861414
3.5825	0.605892337
3.585	0.382712474
3.5875	0.134079476
3.59	-0.123534664
3.5925	-0.373033275
3.595	-0.597829555
3.5975	-0.782950743
3.6	-0.916038297
3.6025	-0.988177112
3.605	-0.994497848
3.6075	-0.934511361
3.61	-0.812151893
3.6125	-0.635525039
3.615	-0.416376213
3.6175	-0.16931409
3.62	0.089159942
3.6225	0.341752065
3.625	0.571532824
3.6275	0.763073073
3.63	0.903482785
3.6325	0.983282597
3.635	0.997048907
3.6375	0.943788288
3.64	0.827014995
3.6425	0.654525233
3.645	0.437882227
3.6475	0.191645739
3.65	-0.067602985
3.6525	-0.322375747
3.655	-0.555456676
3.6575	-0.751066738
3.66	-0.895934657
3.6625	-0.980201387
3.665	-0.99809622
3.6675	-0.948337833
3.67	-0.834232027
3.6725	-0.663458369
3.675	-0.447559045
3.6775	-0.201163559
3.68	0.058998995
3.6825	0.315233645
3.685	0.550082573
3.6875	0.747515693
3.69	0.894027548
3.6925	0.979565259
3.695	0.998223521
3.6975	0.948658241
3.7	0.834189463
3.7025	0.662585355
3.705	0.445540845
3.7075	0.197885481
3.71	-0.063426159
3.7125	-0.320473063
3.715	-0.555596334
3.7175	-0.752613547
3.72	-0.897935312
3.7225	-0.981506819
3.725	-0.997508869
3.7275	-0.94476914
3.73	-0.826854234
3.7325	-0.651834939
3.735	-0.43173968
3.7375	-0.181732755
3.74	0.080926862
3.7425	0.338074905
3.745	0.571897593
3.7475	0.766167004
3.75	0.907370298
3.7525	0.985654015
3.755	0.99551717
3.7575	0.936204015
3.76	0.811768025
3.7625	0.630801407
3.765	0.405847692
3.7675	0.152537156
3.77	-0.111495693
3.7725	-0.367837847
3.775	-0.598581689
3.7775	-0.787577551
3.78	-0.921567221
3.7825	-0.991118639
3.785	-0.991295561
3.7875	-0.922014273
3.79	-0.78806115
3.7925	-0.598768537
3.795	-0.367370424
3.7975	-0.110081979
3.8	0.155033402
3.8025	0.409330592
3.805	0.634894116
3.8075	0.815802198
3.81	0.939254139
3.8125	0.996480988
3.815	0.983374369
3.8175	0.900787972
3.82	0.754489146
3.8225	0.554762694
3.825	0.315693607
3.8275	0.054178337
3.83	-0.211266323
3.8325	-0.461813009
3.835	-0.679659657
3.8375	-0.849296679
3.84	-0.958615088
3.8425	-0.999776123
3.845	-0.969779573
3.8475	-0.87068916
3.85	-0.709497613
3.8525	-0.497639705
3.855	-0.250186657
3.8575	0.015221712
3.86	0.279631781
3.8625	0.524128783
3.865	0.731190876
3.8675	0.885947627
3.87	0.977252342
3.8725	0.998490591
3.875	0.948065913
3.8775	0.829526573
3.88	0.651322902
3.8825	0.426211277
3.885	0.170346302
3.8875	-0.0978746
3.89	-0.359131829
3.8925	-0.59457487
3.895	-0.787184
3.8975	-0.92300398
3.9	-0.992160073
3.9025	-0.989582081
3.905	-0.915382871
3.9075	-0.774862684
3.91	-0.578137481
3.9125	-0.339416868
3.915	-0.075982673
3.9175	0.193058773
3.92	0.448160818
3.9225	0.670756985
3.925	0.844614536
3.9275	0.957022265
3.93	0.999725331
3.9325	0.969537987
3.935	0.868588272
3.9375	0.704175398
3.94	0.488248793
3.9425	0.236545453
3.945	-0.032552554
3.9475	-0.299357812
3.95	-0.544317112
3.9525	-0.7494456
3.955	-0.899650303
3.9575	-0.983845376
3.96	-0.995776362
3.9625	-0.934491728
3.965	-0.804425646
3.9675	-0.615084455
3.97	-0.380358405
3.9725	-0.117508007
3.975	0.154101439
3.9775	0.414424648
3.98	0.644215818
3.9825	0.82645356
3.985	0.947605666
3.9875	0.998639434
3.99	0.975701755
3.9925	0.880417258
3.995	0.719780958
3.9975	0.505651843
4	0.253883505
4.0025	-0.016844916
4.005	-0.286411626
4.0075	-0.534746772
4.01	-0.743327791
4.0125	-0.896564033
4.015	-0.982966943
4.0175	-0.996017611
4.02	-0.934665747
4.0225	-0.803421355
4.025	-0.612030732
4.0275	-0.37475945
4.03	-0.109334561
4.0325	0.164375963
4.035	0.425848496
4.0375	0.65544284
4.04	0.835879707
4.0425	0.95354531
4.045	0.999524251
4.0475	0.970281937
4.05	0.867943779
4.0525	0.700148607
4.055	0.479485735
4.0575	0.222556611
4.06	-0.051269511
4.0625	-0.321312961
4.065	-0.567144679
4.0675	-0.770133107
4.07	-0.914859724
4.0725	-0.99029542
4.075	-0.990647594
4.0775	-0.915812409
4.08	-0.771396369
4.0825	-0.568303949
4.085	-0.321920988
4.0875	-0.050954477
4.09	0.223984195
4.0925	0.481945531
4.095	0.703238851
4.0975	0.870938086
4.1	0.972181105
4.1025	0.999162465
4.105	0.949742519
4.1075	0.827624792
4.11	0.642086425
4.1125	0.407280632
4.115	0.141163064
4.1175	-0.13587697
4.12	-0.402576403
4.1225	-0.638430297
4.125	-0.825270474
4.1275	-0.948669224
4.13	-0.99905931
4.1325	-0.972482899
4.135	-0.870910254
4.1375	-0.702101966
4.14	-0.479023634
4.1425	-0.218856531
4.145	0.058320779
4.1475	0.331079088
4.15	0.57829457
4.1525	0.78078627
4.155	0.922808016
4.1575	0.993278444
4.16	0.986652617
4.1625	0.903366183
4.165	0.74981589
4.1675	0.537876232
4.17	0.283988107
4.1725	0.007888859
4.175	-0.268918621
4.1775	-0.524839281
4.18	-0.739871684
4.1825	-0.897174484
4.185	-0.984390698
4.1875	-0.994625234
4.19	-0.926997844
4.1925	-0.78672655
4.195	-0.584733248
4.1975	-0.336800606
4.2	-0.062344752
4.2025	0.217101281
4.205	0.479575223
4.2075	0.704412234
4.21	0.873874776
4.2125	0.974556928
4.215	0.998451589
4.2175	0.94359509
4.22	0.814236749
4.2225	0.62051815
4.225	0.377685664
4.2275	0.104896723
4.23	-0.176287182
4.2325	-0.443602611
4.235	-0.675847184
4.2375	-0.854563891
4.24	-0.965512705
4.2425	-0.999811785
4.245	-0.954656327
4.2475	-0.833556271
4.25	-0.64607213
4.2525	-0.407068067
4.255	-0.135539953
4.2575	0.14688976
4.26	0.417691451
4.2625	0.655225532
4.265	0.840474066
4.2675	0.95856808
4.27	0.999987545
4.2725	0.961336675
4.275	0.845630807
4.2775	0.662070003
4.28	0.425315591
4.2825	0.154325877
4.285	-0.129157077
4.2875	-0.402349231
4.29	-0.643255587
4.2925	-0.832443347
4.295	-0.954614064
4.2975	-0.99984727
4.3	-0.964413955
4.3025	-0.851092582
4.305	-0.668960224
4.3075	-0.43267371
4.31	-0.161297034
4.3125	0.123231738
4.315	0.397871206
4.3175	0.640342318
4.32	0.830937966
4.3225	0.954129345
4.325	0.999837781
4.3275	0.964267325
4.33	0.85022873
4.3325	0.666926483
4.335	0.429224222
4.3375	0.156446456
4.34	-0.129187388
4.3425	-0.404370136
4.345	-0.646608505
4.3475	-0.836064077
4.35	-0.957182766
4.3525	-0.999978551
4.355	-0.960865006
4.3575	-0.842964712
4.36	-0.655869223
4.3625	-0.414867176
4.365	-0.139701987
4.3675	0.147040555
4.37	0.421783503
4.3725	0.661897304
4.375	0.847566306
4.3775	0.963429057
4.38	0.999856242
4.3825	0.95375937
4.385	0.828861635
4.3875	0.63540652
4.39	0.389326132
4.3925	0.110936047
4.395	-0.176736981
4.3975	-0.449857239
4.4	-0.685755256
4.4025	-0.864812315
4.405	-0.972097384
4.4075	-0.998619462
4.41	-0.942089718
4.4125	-0.807128113
4.415	-0.604895209
4.4175	-0.352177667
4.42	-0.070001649
4.4225	0.218111926
4.425	0.488105892
4.4275	0.717396238
4.43	0.886764502
4.4325	0.981974348
4.435	0.994975871
4.4375	0.924595128
4.44	0.776649133
4.4425	0.563474469
4.445	0.302906898
4.4475	0.016795651
4.45	-0.270824413
4.4525	-0.535750248
4.455	-0.755648467
4.4575	-0.911941926
4.46	-0.991385379
4.4625	-0.987196046
4.465	-0.899641932
4.4675	-0.736036134
4.47	-0.510135361
4.4725	-0.240991313
4.475	0.048649876
4.4775	0.334266211
4.48	0.591634943
4.4825	0.798888694
4.485	0.938377947
4.4875	0.998180887
4.49	0.973130882
4.4925	0.865272349
4.495	0.683704007
4.4975	0.443820578
4.5	0.166015302
4.5025	-0.126048061
4.505	-0.407447815
4.5075	-0.654130632
4.51	-0.844970179
4.5125	-0.963581686
4.515	-0.999736161
4.5175	-0.950251562
4.52	-0.819282558
4.5225	-0.617981712
4.525	-0.363558827
4.5275	-0.077816972
4.53	0.214710913
4.5325	0.488866035
4.535	0.721028155
4.5375	0.891154148
4.54	0.984514479
4.5425	0.992976662
4.545	0.915723169
4.5475	0.759339633
4.55	0.537263347
4.5525	0.268637333
4.555	-0.023333059
4.5575	-0.313380533
4.56	-0.576361167
4.5625	-0.789435788
4.565	-0.934058031
4.5675	-0.997595652
4.57	-0.97444278
4.5725	-0.866524414
4.575	-0.68314697
4.5775	-0.44020541
4.58	-0.158813629
4.5825	0.136524608
4.585	0.420046273
4.5875	0.666976257
4.59	0.855695158
4.5925	0.969637765
4.595	0.998755043
4.5975	0.940409919
4.6	0.799626225
4.6025	0.588666491
4.605	0.325973137
4.6075	0.034563618
4.61	-0.25998147
4.6125	-0.531761937
4.615	-0.756836603
4.6175	-0.915336436
4.62	-0.993225336
4.6225	-0.983551973
4.625	-0.887080259
4.6275	-0.712240427
4.63	-0.474402473
4.6325	-0.194533646
4.635	0.10264353
4.6375	0.390831482
4.64	0.644484133
4.6425	0.841073995
4.645	0.963098419
4.6475	0.99964585
4.65	0.947381242
4.6525	0.810860815
4.655	0.602145602
4.6575	0.339745552
4.66	0.046985734
4.6625	-0.250061847
4.665	-0.524897942
4.6675	-0.75296106
4.67	-0.913826658
4.6725	-0.993043234
4.675	-0.98343967
4.6775	-0.885784784
4.68	-0.708737517
4.6825	-0.468089573
4.685	-0.18536575
4.6875	0.114094766
4.69	0.403405748
4.6925	0.656547366
4.695	0.850709147
4.6975	0.96835124
4.7	0.998797231
4.7025	0.939213116
4.705	0.794881811
4.7075	0.578745735
4.71	0.310256034
4.7125	0.013629846
4.715	-0.284328967
4.7175	-0.556649989
4.72	-0.778638995
4.7225	-0.930121909
4.725	-0.997285671
4.7275	-0.973947371
4.73	-0.86213421
4.7325	-0.671918957
4.735	-0.420523044
4.7375	-0.1307662
4.74	0.170998665
4.7425	0.457278996
4.745	0.70194749
4.7475	0.882630115
4.75	0.982758703
4.7525	0.99309922
4.755	0.912613956
4.7575	0.748576185
4.76	0.515923986
4.7625	0.235909557
4.765	-0.065834751
4.7675	-0.361638394
4.77	-0.624329017
4.7725	-0.829730902
4.775	-0.958895537
4.7775	-0.999858011
4.78	-0.948755687
4.7825	-0.81020363
4.785	-0.596889364
4.7875	-0.328421414
4.79	-0.029535125
4.7925	0.272180839
4.795	0.548828893
4.7975	0.774783379
4.8	0.92906901
4.8025	0.997315724
4.805	0.973107079
4.8075	0.858594752
4.81	0.664319323
4.8125	0.408250984
4.815	0.114136428
4.8175	-0.190696875
4.82	-0.477876618
4.8225	-0.720626784
4.825	-0.896268101
4.8275	-0.988343973
4.83	-0.988171963
4.8325	-0.895673693
4.835	-0.719402836
4.8375	-0.475765552
4.84	-0.187503287
4.8425	0.118422668
4.845	0.413348811
4.8475	0.669594543
4.85	0.863063301
4.8525	0.975515012
4.855	0.996294969
4.8575	0.923354423
4.86	0.763464124
4.8625	0.531597645
4.865	0.249539481
4.8675	-0.056153679
4.87	-0.356648511
4.8725	-0.623553383
4.875	-0.83160334
4.8775	-0.961057603
4.88	-0.99958154
4.8825	-0.943432877
4.885	-0.797837069
4.8875	-0.576513159
4.89	-0.30039192
4.8925	0.004355002
4.895	0.308790215
4.8975	0.583956431
4.9	0.803632702
4.9025	0.946838527
4.905	0.999846199
4.9075	0.957507581
4.91	0.823766079
4.9125	0.611301825
4.915	0.340340714
4.9175	0.036738047
4.92	-0.270482548
4.9225	-0.551901253
4.925	-0.780520735
4.9275	-0.934361194
4.93	-0.998581874
4.9325	-0.966923497
4.935	-0.842330408
4.9375	-0.636689517
4.94	-0.369707797
4.9425	-0.067033218
4.945	0.242202682
4.9475	0.528185758
4.95	0.763294751
4.9525	0.924773903
4.955	0.996943633
4.9575	0.972733772
4.96	0.854388391
4.9625	0.65327086
4.965	0.388784616
4.9675	0.086510956
4.97	-0.224258402
4.9725	-0.513356668
4.975	-0.75267113
4.9775	-0.918881616
4.98	-0.995741091
4.9825	-0.975674584
4.985	-0.860538077
4.9875	-0.661460183
4.99	-0.397778587
4.9925	-0.095171682
4.995	0.216835081
4.9975	0.5077467
5	0.749079868
5.0025	0.917156475
5.005	0.995434952
5.0075	0.976149144
5.01	0.861091288
5.0125	0.661459004
5.015	0.396777787
5.0175	0.093001439
5.02	-0.220025777
5.0225	-0.51149783
5.025	-0.752679411
5.0275	-0.919743655
5.03	-0.996134404
5.0325	-0.974218031
5.035	-0.856058928
5.0375	-0.653238718
5.04	-0.385733437
5.0425	-0.079956287
5.045	0.233843305
5.0475	0.524568943
5.05	0.763359757
5.0525	0.926460521
5.055	0.997593491
5.0575	0.96959431
5.06	0.845146493
5.0625	0.636537952
5.065	0.364460141
5.0675	0.055965888
5.07	-0.25821358
5.0725	-0.546727029
5.075	-0.780732993
5.0775	-0.936788361
5.08	-0.999205979
5.0825	-0.961643273
5.085	-0.827759892
5.0875	-0.610874938
5.09	-0.332654381
5.0925	-0.020956726
5.095	0.292949886
5.0975	0.577521828
5.1	0.804111527
5.1025	0.949857354
5.105	0.99999976
5.1075	0.949388076
5.11	0.803022981
5.1125	0.57557623
5.115	0.289932288
5.1175	-0.025104446
5.12	-0.33770814
5.1225	-0.61624471
5.125	-0.832475521
5.1275	-0.964426914
5.13	-0.998633326
5.1325	-0.931524031
5.135	-0.769809439
5.1375	-0.529823936
5.14	-0.235888139
5.1425	0.082146505
5.145	0.391923839
5.1475	0.661873664
5.15	0.864432437
5.1525	0.978865116
5.155	0.993398542
5.1575	0.906445767
5.16	0.726792745
5.1625	0.472724339
5.165	0.170175129
5.1675	-0.149909199
5.17	-0.454732367
5.1725	-0.713007623
5.175	-0.898173271
5.1775	-0.991132709
5.18	-0.982235499
5.1825	-0.872292782
5.185	-0.672518876
5.1875	-0.403401005
5.19	-0.092609626
5.1925	0.227838691
5.195	0.524875783
5.1975	0.76779522
5.2	0.931432035
5.2025	0.998779053
5.205	0.962766884
5.2075	0.827020011
5.21	0.605506755
5.2125	0.321115239
5.215	0.003299106
5.2175	-0.314965977
5.22	-0.600601293
5.2225	-0.823865318
5.225	-0.961457251
5.2275	-0.998959284
5.23	-0.932360599
5.2325	-0.768500627
5.235	-0.524381267
5.2375	-0.225415598
5.24	0.097207891
5.2425	0.409773214
5.245	0.679559356
5.2475	0.87826941
5.25	0.985006654
5.2525	0.988483745
5.255	0.888230281
5.2575	0.694668149
5.26	0.428042437
5.2625	0.116316047
5.265	-0.207754369
5.2675	-0.510056301
5.27	-0.758712765
5.2725	-0.927449033
5.275	-0.998378601
5.2775	-0.963911993
5.28	-0.827583403
5.2825	-0.603703671
5.285	-0.315871878
5.2875	0.00550114
5.29	0.32639869
5.2925	0.612796335
5.295	0.834271951
5.2975	0.967244436
5.3	0.997495557
5.3025	0.921704104
5.305	0.747825373
5.3075	0.494271225
5.31	0.187973553
5.3125	-0.138466598
5.315	-0.45024354
5.3175	-0.714057522
5.32	-0.901675867
5.3225	-0.992963394
5.325	-0.978055903
5.3275	-0.858440801
5.33	-0.646824973
5.3325	-0.365799496
5.335	-0.04543988
5.3375	0.279904549
5.34	0.57529028
5.3425	0.808934484
5.345	0.955641465
5.3475	0.999530615
5.35	0.935769367
5.3525	0.771120595
5.355	0.523240926
5.3575	0.218801003
5.36	-0.109373712
5.3625	-0.425836231
5.365	-0.696345795
5.3675	-0.891576878
5.37	-0.990307254
5.3725	-0.981737607
5.375	-0.866687813
5.3775	-0.657535808
5.38	-0.376900936
5.3825	-0.055210139
5.385	0.27259251
5.3875	0.570838061
5.39	0.807015578
5.3925	0.955322848
5.395	0.999496384
5.3975	0.93460917
5.4	0.767635903
5.4025	0.516719302
5.405	0.209212838
5.4075	-0.121290563
5.41	-0.438622252
5.4125	-0.707995163
5.415	-0.899821819
5.4175	-0.992973545
5.42	-0.977120862
5.4225	-0.853894419
5.425	-0.636734357
5.4275	-0.349439713
5.43	-0.02357271
5.4325	0.305000384
5.435	0.600053644
5.4375	0.828997736
5.44	0.966486953
5.4425	0.997237024
5.445	0.917739137
5.4475	0.736676392
5.45	0.473991635
5.4525	0.158704903
5.455	-0.174282275
5.4575	-0.48804497
5.46	-0.747729499
5.4625	-0.924430579
5.465	-0.998419124
5.4675	-0.961359121
5.47	-0.817262959
5.4725	-0.582074023
5.475	-0.281917906
5.4775	0.049787692
5.48	0.376046035
5.4825	0.660405698
5.485	0.87103668
5.4875	0.984302111
5.49	0.98742381
5.4925	0.879939691
5.495	0.673785069
5.4975	0.391983561
5.5	0.066089286
5.5025	-0.267337043
5.505	-0.570825647
5.5075	-0.810210118
5.51	-0.958481005
5.5125	-0.998845172
5.515	-0.926643056
5.5175	-0.749903293
5.52	-0.48846695
5.5225	-0.171774883
5.525	0.164436724
5.5275	0.482163027
5.53	0.74542637
5.5325	0.924355792
5.535	0.998587018
5.5375	0.959594758
5.54	0.811688589
5.5425	0.571554287
5.545	0.26638722
5.5475	-0.069175189
5.55	-0.396977398
5.5525	-0.679682423
5.555	-0.885028602
5.5575	-0.98952072
5.56	-0.981132129
5.5625	-0.860705566
5.565	-0.64188768
5.5675	-0.349599228
5.57	-0.017210466
5.5725	0.317259701
5.575	0.615488954
5.5775	0.843244995
5.58	0.97432322
5.5825	0.993574776
5.585	0.898673639
5.5875	0.700414771
5.59	0.421503506
5.5925	0.093969869
5.595	-0.244499438
5.5975	-0.554892564
5.6	-0.801370269
5.6025	-0.955411272
5.605	-0.999124897
5.6075	-0.927344908
5.61	-0.748257667
5.6125	-0.482486376
5.615	-0.160731671
5.6175	0.179763349
5.62	0.499517984
5.6225	0.761391831
5.625	0.934904928
5.6275	0.99979694
5.63	0.948408473
5.6325	0.786602866
5.635	0.533115565
5.6375	0.217401007
5.64	-0.123777507
5.6425	-0.450621598
5.645	-0.724939315
5.6475	-0.914613153
5.65	-0.997371341
5.6525	-0.963418287
5.655	-0.816611813
5.6575	-0.574043664
5.66	-0.264066521
5.6625	0.077006808
5.665	0.409149296
5.6675	0.693315243
5.67	0.896034881
5.6725	0.993366879
5.675	0.973740819
5.6775	0.839350448
5.68	0.605927909
5.6825	0.300919508
5.685	-0.039727581
5.6875	-0.375793151
5.69	-0.667530155
5.6925	-0.880369545
5.695	-0.989026407
5.6975	-0.980518538
5.7	-0.855735389
5.7025	-0.629365735
5.705	-0.328186448
5.7075	0.012090431
5.71	0.351042846
5.7125	0.648337361
5.715	0.868532039
5.7175	0.985311258
5.72	0.984645372
5.7225	0.866494127
5.725	0.644844962
5.7275	0.34607532
5.73	0.005828489
5.7325	-0.335228843
5.735	-0.636263561
5.7375	-0.861168003
5.74	-0.982900358
5.7425	-0.986750739
5.745	-0.872136749
5.7475	-0.652707266
5.75	-0.354735596
5.7525	-0.013988859
5.755	0.328555231
5.7575	0.631632523
5.76	0.858666287
5.7625	0.982190922
5.765	0.98718939
5.7675	0.8729371
5.77	0.65312371
5.7725	0.354231616
5.775	0.012360852
5.7775	-0.331120836
5.78	-0.634579862
5.7825	-0.861166333
5.785	-0.983298475
5.7875	-0.986035081
5.79	-0.868921876
5.7925	-0.646081443
5.795	-0.344529146
5.7975	-0.000913495
5.8	0.342927673
5.8025	0.645057654
5.805	0.86855908
5.8075	0.986054846
5.81	0.98307695
5.8125	0.859866865
5.815	0.631381186
5.8175	0.325495097
5.82	-0.020382962
5.8225	-0.363876217
5.825	-0.662828285
5.8275	-0.880480822
5.83	-0.990003735
5.8325	-0.977818399
5.835	-0.845300355
5.8375	-0.608645703
5.84	-0.296910729
5.8425	0.051540369
5.845	0.393747293
5.8475	0.687447528
5.85	0.896300298
5.8525	0.994394376
5.855	0.969479223
5.8575	0.824514572
5.86	0.577340081
5.8625	0.258498956
5.865	-0.092521384
5.8675	-0.432170766
5.87	-0.718237563
5.8725	-0.915100189
5.875	-0.998174854
5.8775	-0.957002739
5.88	-0.796586843
5.8825	-0.536805232
5.885	-0.209966627
5.8875	0.14319346
5.89	0.478581714
5.8925	0.754251403
5.895	0.935655171
5.8975	0.999987678
5.9	0.939070618
5.9025	0.760412949
5.905	0.486306441
5.9075	0.151062697
5.91	-0.203268273
5.9125	-0.532165438
5.915	-0.794231182
5.9175	-0.956409804
5.92	-0.998171291
5.9225	-0.914129089
5.925	-0.714755771
5.9275	-0.425099087
5.93	-0.081653048
5.9325	0.272227406
5.935	0.591793665
5.9375	0.836563942
5.94	0.975460769
5.9425	0.99077236
5.945	0.880430968
5.9475	0.658312742
5.95	0.352513519
5.9525	0.001812086
5.955	-0.349236113
5.9575	-0.65595556
5.96	-0.879239954
5.9625	-0.990549269
5.965	-0.975574679
5.9675	-0.836098621
5.97	-0.589805657
5.9725	-0.268060573
5.975	0.088069778
5.9775	0.433048447
5.98	0.72268888
5.9825	0.919820289
5.985	0.999070824
5.9875	0.950151443
5.99	0.779213145
5.9925	0.508095924
5.995	0.171558052
5.9975	-0.187165371
6	-0.521909023
6.0025	-0.789518594
6.005	-0.95542208
6.0075	-0.998110896
6.01	-0.911948127
6.0125	-0.707934764
6.015	-0.41232718
6.0175	-0.06327662
6.02	0.294081663
6.0225	0.613459211
6.025	0.853412623
6.0275	0.982731709
6.03	0.984515721
6.0325	0.858403154
6.035	0.620658281
6.0375	0.302095101
6.04	-0.055899197
6.0425	-0.406730358
6.045	-0.704658502
6.0475	-0.91076676
6.05	-0.998057629
6.0525	-0.955008022
6.055	-0.787112495
6.0575	-0.516205223
6.06	-0.177641086
6.0625	0.184302923
6.065	0.522209928
6.0675	0.791735025
6.07	0.957433054
6.0725	0.997435367
6.075	0.906356552
6.0775	0.696042142
6.08	0.394050768
6.0825	0.040062132
6.085	-0.319323589
6.0875	-0.636715054
6.09	-0.870182348
6.0925	-0.988807543
6.095	-0.976797017
6.0975	-0.835606254
6.1	-0.583788462
6.1025	-0.254578461
6.105	0.108476467
6.1075	0.457266742
6.11	0.745493758
6.1125	0.93482229
6.115	0.99999362
6.1175	0.932215541
6.12	0.740371642
6.1225	0.449880649
6.125	0.099348952
6.1275	-0.264545617
6.13	-0.593262735
6.1325	-0.842876336
6.135	-0.979954747
6.1375	-0.986055748
6.14	-0.8602299
6.1425	-0.619189463
6.145	-0.295111494
6.1475	0.068639252
6.15	0.423301566
6.1525	0.721251375
6.155	0.922402652
6.1575	0.999614599
6.16	0.942373885
6.1625	0.758249728
6.165	0.471917401
6.1675	0.121872654
6.17	-0.244728397
6.1725	-0.578414367
6.175	-0.834075983
6.1775	-0.977074337
6.18	-0.987951561
6.1825	-0.865101004
6.185	-0.625027513
6.1875	-0.300153469
6.19	0.065541053
6.1925	0.422460345
6.195	0.72211619
6.1975	0.923721121
6.2	0.999754537
6.2025	0.939740182
6.205	0.751713749
6.2075	0.461171877
6.21	0.107636411
6.2125	-0.260706111
6.215	-0.593564862
6.2175	-0.845412903
6.22	-0.981724955
6.2225	-0.983728689
6.225	-0.851013228
6.2275	-0.601629321
6.23	-0.269657988
6.2325	0.099428195
6.235	0.454982457
6.2375	0.748131373
6.24	0.938499894
6.2425	0.999787603
6.245	0.923423979
6.2475	0.719791738
6.25	0.41684041
6.2525	0.056271643
6.255	-0.312186148
6.2575	-0.63762986
6.26	-0.87501727
6.2625	-0.991413298
6.265	-0.970579104
6.2675	-0.815261925
6.27	-0.546859515
6.2725	-0.202495864
6.275	0.170095525
6.2775	0.519178144
6.28	0.796195841
6.2825	0.962535802
6.285	0.994927993
6.2875	0.888723683
6.29	0.658587998
6.2925	0.336500155
6.295	-0.032669573
6.2975	-0.397397371
6.3	-0.706692707
6.3025	-0.917232655
6.305	-0.999444784
6.3075	-0.941682538
6.31	-0.751900628
6.3125	-0.456585993
6.315	-0.097084089
6.3175	0.276173249
6.32	0.610734913
6.3225	0.859503385
6.325	0.987376707
6.3275	0.976221277
6.33	0.827468239
6.3325	0.561958347
6.335	0.217046817
6.3375	-0.158633195
6.34	-0.512017203
6.3425	-0.793103774
6.345	-0.962038442
6.3475	-0.994782315
6.35	-0.886556666
6.3525	-0.652566633
6.355	-0.325891061
6.3575	0.047172461
6.36	0.413655431
6.3625	0.721435052
6.365	0.926653611
6.3675	0.999983667
6.37	0.930841918
6.3725	0.728943096
6.375	0.422962167
6.3775	0.056484991
6.38	-0.318184128
6.3825	-0.647480583
6.385	-0.884240862
6.3875	-0.994470939
6.39	-0.962248484
6.3925	-0.792048957
6.395	-0.50815216
6.3975	-0.151203457
6.4	0.227586935
6.4025	0.573781459
6.405	0.837539621
6.4075	0.980804572
6.41	0.982814092
6.4125	0.843135133
6.415	0.581774807
6.4175	0.23634081
6.42	-0.143349583
6.4225	-0.502442182
6.425	-0.788969248
6.4275	-0.961379356
6.43	-0.994581454
6.4325	-0.88362136
6.435	-0.644448467
6.4375	-0.311650421
6.44	0.066526565
6.4425	0.435158103
6.445	0.740614876
6.4475	0.938371874
6.45	0.9995155
6.4525	0.914995176
6.455	0.696990821
6.4575	0.377185773
6.46	0.002185761
6.4625	-0.373257223
6.465	-0.694233322
6.4675	-0.913710873
6.47	-0.999443318
6.4725	-0.93873044
6.475	-0.74032759
6.4775	-0.433211948
6.48	-0.062375224
6.4825	0.31775008
6.485	0.651272975
6.4875	0.889065452
6.49	0.996013262
6.4925	0.95622386
6.495	0.775415813
6.4975	0.480126507
6.5	0.113843163
6.5025	-0.269382664
6.505	-0.612902337
6.5075	-0.86584616
6.51	-0.990669423
6.5125	-0.968747231
6.515	-0.8031812
6.5175	-0.518391076
6.52	-0.156539847
6.5225	0.228688404
6.525	0.58004272
6.5275	0.845214609
6.53	0.984637671
6.5325	0.97741277
6.535	0.824468346
6.5375	0.548473956
6.54	0.190507772
6.5425	-0.196036314
6.545	-0.553401454
6.5475	-0.828097736
6.55	-0.978919804
6.5525	-0.983148825
6.555	-0.840002249
6.5575	-0.570803507
6.56	-0.215833861
6.5625	0.171673168
6.565	0.533502764
6.5675	0.815203555
6.57	0.974292705
6.5725	0.986683438
6.575	0.850359455
6.5775	0.585731681
6.58	0.232611032
6.5825	-0.15575828
6.585	-0.520714112
6.5875	-0.807035807
6.59	-0.971309944
6.5925	-0.988533536
6.595	-0.855947259
6.5975	-0.593506966
6.6	-0.240909289
6.6025	0.148389902
6.605	0.515266424
6.6075	0.803905568
6.61	0.97030381
6.6125	0.988997964
6.615	0.856989645
6.6175	0.59425606
6.62	0.240756338
6.6225	-0.149622611
6.625	-0.517267073
6.6275	-0.805938384
6.63	-0.971386285
6.6325	-0.988153052
6.635	-0.853519017
6.6375	-0.587973773
6.64	-0.232127713
6.6425	0.159475267
6.645	0.52670487
6.6475	0.813076039
6.65	0.974448086
6.6525	0.985849985
6.655	0.845373211
6.6575	0.57452095
6.66	0.214946484
6.6625	-0.17792926
6.665	-0.543446685
6.6675	-0.825072559
6.67	-0.979155433
6.6725	-0.981713764
6.675	-0.832197777
6.6775	-0.553630533
6.68	-0.18909272
6.6825	0.204916876
6.685	0.567225603
6.6875	0.841484525
6.69	0.984944825
6.6925	0.975144219
6.695	0.813454028
6.6975	0.524922226
6.7	0.154423051
6.7025	-0.240299718
6.705	-0.597620904
6.7075	-0.861656307
6.71	-0.991016696
6.7125	-0.965320078
6.715	-0.788433872
6.7175	-0.487926577
6.72	-0.110800709
6.7225	0.283837292
6.725	0.634030518
6.7275	0.884701391
6.73	0.996329481
6.7325	0.951207748
6.735	0.75628291
6.7375	0.442119506
6.74	0.058136462
6.7425	-0.335146162
6.745	-0.675637154
6.7475	-0.909481642
6.75	-0.999596317
6.7525	-0.931577064
6.755	-0.716033703
6.7575	-0.386968493
6.76	0.003559347
6.7625	0.393650494
6.765	0.72136992
6.7675	0.934587047
6.77	0.999287278
6.7725	0.905026782
6.775	0.666651367
6.7775	0.321991555
6.78	-0.074113768
6.7825	-0.458525465
6.785	-0.769864051
6.7875	-0.958319359
6.79	-0.993640782
6.7925	-0.870023054
6.795	-0.60709378
6.7975	-0.246829883
6.8	0.153118013
6.8025	0.528635884
6.805	0.819422368
6.8075	0.978683912
6.81	0.980688428
6.8125	0.824954391
6.815	0.536388483
6.8175	0.161334386
6.82	-0.239845729
6.8225	-0.602473519
6.825	-0.867983163
6.8275	-0.993394806
6.83	-0.958298038
6.8325	-0.768206612
6.835	-0.453727823
6.8375	-0.065665381
6.84	0.33316583
6.8425	0.678098001
6.845	0.913100499
6.8475	0.999899493
6.85	0.924239938
6.8525	0.698260869
6.855	0.35858289
6.8575	-0.039596807
6.86	-0.431454609
6.8625	-0.753087827
6.865	-0.951944094
6.8675	-0.9954294
6.87	-0.876281352
6.8725	-0.613816947
6.875	-0.250835197
6.8775	0.153334529
6.88	0.532513911
6.8825	0.824509698
6.885	0.981327118
6.8875	0.977083467
6.89	0.812313084
6.8925	0.513942382
6.895	0.130922818
6.8975	-0.273775542
6.9	-0.633504479
6.9025	-0.888916152
6.905	-0.997770941
6.9075	-0.9419511
6.91	-0.730511098
6.9125	-0.39824554
6.915	5.27E-06
6.9175	0.398385435
6.92	0.730906012
6.9225	0.942382894
6.925	0.997616042
6.9275	0.887279731
6.93	0.629533124
6.9325	0.267067405
6.935	-0.139936491
6.9375	-0.523782753
6.94	-0.820517778
6.9425	-0.980598056
6.945	-0.977187388
6.9475	-0.810689758
6.95	-0.508746685
6.9525	-0.121682493
6.955	0.28585784
6.9575	0.645693071
6.96	0.897515354
6.9625	0.99901541
6.965	0.933020431
6.9675	0.710435661
6.97	0.368479942
6.9725	-0.035505912
6.975	-0.433653348
6.9775	-0.758961222
6.98	-0.956579806
6.9825	-0.993081845
6.985	-0.862149847
6.9875	-0.585706534
6.99	-0.210280479
6.9925	0.200796843
6.995	0.578058918
6.9975	0.857642739
7	0.99211461
7.0025	0.958545579
7.005	0.76245708
7.0075	0.436951874
7.01	0.037159792
7.0125	-0.369075685
7.015	-0.712700749
7.0175	-0.935195736
7.02	-0.998562278
7.0225	-0.891845194
7.025	-0.633064318
7.0275	-0.26620952
7.03	0.146206632
7.0325	0.533783051
7.035	0.830245324
7.0375	0.984791828
7.04	0.970826142
7.0425	0.790570174
7.045	0.474751867
7.0475	0.077402563
7.05	-0.333361301
7.0525	-0.687003935
7.055	-0.922687484
7.0575	-0.999758486
7.06	-0.904792571
7.0625	-0.653971201
7.065	-0.290363348
7.0675	0.123438189
7.07	0.516072413
7.0725	0.819712925
7.075	0.981797581
7.0775	0.974154388
7.08	0.797934628
7.0825	0.48348322
7.085	0.085149807
7.0875	-0.328078589
7.09	-0.684513536
7.0925	-0.922206795
7.095	-0.999737555
7.0975	-0.903463406
7.1	-0.649960119
7.1025	-0.28320739
7.105	0.13300879
7.1075	0.52617036
7.11	0.827658851
7.1125	0.984744878
7.115	0.969838328
7.1175	0.785371713
7.12	0.463445976
7.1225	0.060281124
7.125	-0.353575554
7.1275	-0.705582986
7.13	-0.933927333
7.1325	-0.998398801
7.135	-0.887506572
7.1375	-0.62056702
7.14	-0.244379029
7.1425	0.174948607
7.145	0.56359626
7.1475	0.853027235
7.15	0.992089467
7.1525	0.956085675
7.155	0.751198527
7.1575	0.413471241
7.16	0.002503534
7.1625	-0.409041095
7.165	-0.748273983
7.1675	-0.954999139
7.17	-0.992419486
7.1725	-0.853723082
7.175	-0.563364163
7.1775	-0.172791463
7.18	0.248637286
7.1825	0.625955824
7.185	0.891926266
7.1875	0.999039587
7.19	0.928034619
7.1925	0.691402302
7.195	0.33123062
7.1975	-0.088245861
7.2	-0.49207942
7.2025	-0.807994589
7.205	-0.979336033
7.2075	-0.975257207
7.21	-0.796312553
7.2125	-0.474432629
7.215	-0.067265585
7.2175	0.352119411
7.22	0.708332881
7.2225	0.937223295
7.225	0.997453542
7.2275	0.878002495
7.23	0.600223977
7.2325	0.214071266
7.235	-0.210853072
7.2375	-0.597824518
7.24	-0.876849754
7.2425	-0.997344523
7.245	-0.937336725
7.2475	-0.707514589
7.25	-0.349366778
7.2525	0.072270308
7.255	0.480926145
7.2575	0.802358808
7.26	0.978055026
7.2625	0.975910602
7.265	0.796136602
7.2675	0.471297666
7.27	0.060453479
7.2725	-0.361550114
7.275	-0.717703968
7.2775	-0.94289527
7.28	-0.995835968
7.2825	-0.866670403
7.285	-0.578853662
7.2875	-0.184935188
7.29	0.243002432
7.2925	0.626516097
7.295	0.895182345
7.2975	0.999548786
7.3	0.920271404
7.3025	0.671743188
7.305	0.299525738
7.3075	-0.127966411
7.31	-0.532017926
7.3125	-0.838102595
7.315	-0.989644602
7.3175	-0.958507442
7.32	-0.750260191
7.3225	-0.403227837
7.325	0.018521868
7.3275	0.436979253
7.33	0.774612746
7.3325	0.968744357
7.335	0.983213363
7.3375	0.815152612
7.34	0.495600218
7.3425	0.083809865
7.345	-0.343705374
7.3475	-0.707375769
7.35	-0.939390505
7.3525	-0.996366522
7.355	-0.867499244
7.3575	-0.576656797
7.36	-0.178003827
7.3625	0.254051248
7.365	0.638726383
7.3675	0.903971482
7.37	0.999984595
7.3725	0.908599326
7.375	0.646767253
7.3775	0.263459631
7.38	-0.169454322
7.3825	-0.570660655
7.385	-0.86467138
7.3875	-0.996045376
7.39	-0.939877284
7.3925	-0.706563634
7.395	-0.339925958
7.3975	0.090979771
7.4	0.504844209
7.4025	0.823440987
7.405	0.986426933
7.4075	0.962803423
7.41	0.756855971
7.4125	0.407425886
7.415	-0.019372838
7.4175	-0.442633921
7.42	-0.781986122
7.4225	-0.972865747
7.425	-0.978830192
7.4275	-0.798558523
7.43	-0.466186314
7.4325	-0.044885996
7.435	0.385108569
7.4375	0.741769242
7.44	0.956929995
7.4425	0.989342789
7.445	0.83262717
7.4475	0.516573621
7.45	0.101526303
7.4525	-0.333104594
7.455	-0.704020597
7.4575	-0.940004991
7.46	-0.995622389
7.4625	-0.860007715
7.465	-0.559036735
7.4675	-0.150435869
7.47	0.287253814
7.4725	0.669755624
7.475	0.9232879
7.4775	0.998819948
7.48	0.881594262
7.4825	0.594058133
7.485	0.191613376
7.4875	-0.248020623
7.49	-0.639795719
7.4925	-0.907788996
7.495	-0.999938514
7.4975	-0.898196545
7.5	-0.622112718
7.5025	-0.225126641
7.505	0.215736776
7.5075	0.614790037
7.51	0.894337082
7.5125	0.999822017
7.515	0.910514901
7.5175	0.643634211
7.52	0.251076999
7.5225	-0.190632388
7.525	-0.595236401
7.5275	-0.883586986
7.53	-0.999148683
7.5325	-0.919121589
7.535	-0.6589885
7.5375	-0.26957008
7.54	0.172862152
7.5425	0.581499832
7.545	0.876027433
7.5475	0.998427474
7.55	0.924447237
7.5525	0.668453332
7.555	0.280693035
7.5575	-0.162526106
7.56	-0.573827554
7.5625	-0.871987928
7.565	-0.997996242
7.5675	-0.926771386
7.57	-0.672203763
7.5725	-0.284498179
7.575	0.159684485
7.5775	0.572359644
7.58	0.87164363
7.5825	0.998020582
7.585	0.926216343
7.5875	0.670302916
7.59	0.280992967
7.5925	-0.164366367
7.595	-0.577134756
7.5975	-0.875017509
7.6	-0.998492711
7.6025	-0.922743805
7.605	-0.662697768
7.6075	-0.270136304
7.61	0.176571881
7.6125	0.588090563
7.615	0.881979402
7.6175	0.999230045
7.62	0.91615406
7.6225	0.649219892
7.625	0.251841242
7.6275	-0.196267878
7.63	-0.605058782
7.6325	-0.892241888
7.635	-0.999873479
7.6375	-0.906087861
7.64	-0.629591328
7.6425	-0.225984211
7.645	0.223376963
7.6475	0.62775486
7.65	0.905353205
7.6525	0.999885744
7.655	0.892031411
7.6575	0.603435964
7.66	0.192421039
7.6625	-0.257759914
7.665	-0.655762605
7.6675	-0.920687801
7.67	-0.998550594
7.6725	-0.873325234
7.675	-0.570297059
7.6775	-0.15101004
7.68	0.299191621
7.6825	0.688514364
7.685	0.937435434
7.6875	0.994973932
7.69	0.849177998
7.6925	0.529661665
7.695	0.101642458
7.6975	-0.347330858
7.7	-0.725267627
7.7025	-0.954590181
7.705	-0.9880884
7.7075	-0.818686649
7.71	-0.480992849
7.7125	-0.04428045
7.715	0.401684503
7.7175	0.765079401
7.72	0.970941115
7.7225	0.976663301
7.725	0.780864419
7.7275	0.423770604
7.73	-0.020997406
7.7325	-0.461567194
7.735	-0.806780133
7.7375	-0.985066928
7.74	-0.959322081
7.7425	-0.734678422
7.745	-0.35754221
7.7475	0.0939435
7.75	0.526057949
7.7525	0.848949561
7.755	0.995337207
7.7575	0.934569878
7.76	0.679098508
7.7625	0.2819825
7.765	-0.174082373
7.7675	-0.593955941
7.77	-0.889897518
7.7725	-0.999923581
7.775	-0.900833797
7.7775	-0.613158911
7.78	-0.196964003
7.7825	0.260647404
7.785	0.663738423
7.7875	0.927653373
7.79	0.996824326
7.7925	0.856518577
7.795	0.536033738
7.7975	0.102636114
7.8	-0.352515602
7.8025	-0.733524713
7.805	-0.959968486
7.8075	-0.983906263
7.81	-0.800080064
7.8125	-0.447126685
7.815	0.000488582
7.8175	0.448144317
7.82	0.801051183
7.8225	0.984336651
7.825	0.958967832
7.8275	0.730118301
7.83	0.346174209
7.8325	-0.111444081
7.835	-0.54551499
7.8375	-0.86366313
7.84	-0.998037873
7.8425	-0.919826876
7.845	-0.64549106
7.8475	-0.233359946
7.85	0.228721749
7.8525	0.642090536
7.855	0.918330377
7.8575	0.998210946
7.86	0.864435891
7.8625	0.545447105
7.865	0.109436172
7.8675	-0.350188973
7.87	-0.734794397
7.8725	-0.961693979
7.875	-0.981959859
7.8775	-0.791026103
7.88	-0.429776361
7.8825	0.024154211
7.885	0.47302459
7.8875	0.820020591
7.89	0.990151642
7.8925	0.946497979
7.895	0.698279603
7.8975	0.298971451
7.9	-0.165164449
7.9025	-0.593682079
7.905	-0.893684978
7.9075	-0.999988845
7.91	-0.889332024
7.9125	-0.585525821
7.915	-0.154391735
7.9175	0.310451617
7.92	0.707893312
7.9225	0.951328167
7.925	0.987561168
7.9275	0.808484842
7.93	0.452954765
7.9325	-0.001582824
7.935	-0.455920292
7.9375	-0.810726851
7.94	-0.988279662
7.9425	-0.949530524
7.945	-0.702751819
7.9475	-0.301834851
7.95	0.165424664
7.9525	0.596519672
7.955	0.896714998
7.9575	0.999890605
7.96	0.883153769
7.9625	0.57198042
7.965	0.134717856
7.9675	-0.332379111
7.97	-0.726313211
7.9725	-0.960062442
7.975	-0.981838471
7.9775	-0.786616234
7.98	-0.417355854
7.9825	0.044391998
7.985	0.496456156
7.9875	0.838639761
7.99	0.994946008
7.9925	0.930500925
7.995	0.659395223
7.9975	0.241668655
8	-0.229932951
8.0025	-0.650519095
8.005	-0.926383026
8.0075	-0.995909064
8.01	-0.843387729
8.0125	-0.502629544
8.015	-0.049532568
8.0175	0.414776774
8.02	0.786495076
8.0225	0.982360941
8.025	0.958345361
8.0275	0.719609
8.03	0.319461375
8.0325	-0.152485537
8.035	-0.590349895
8.0375	-0.895728758
8.04	-0.999837778
8.0425	-0.879055139
8.045	-0.56034589
8.0475	-0.115307024
8.05	0.355866698
8.0525	0.746916751
8.055	0.969492214
8.0575	0.973149034
8.06	0.756841757
8.0625	0.369276669
8.065	-0.101995094
8.0675	-0.550315971
8.07	-0.874051009
8.0725	-0.999651165
8.075	-0.898412343
8.0775	-0.593100422
8.08	-0.152898808
8.0825	0.322215898
8.085	0.724153695
8.0875	0.961307688
8.09	0.979469106
8.0925	0.774277527
8.095	0.39233361
8.0975	-0.079321982
8.1	-0.533002608
8.1025	-0.864950924
8.105	-0.999089812
8.1075	-0.904507455
8.11	-0.602646801
8.1125	-0.162512588
8.115	0.315048953
8.1175	0.72042901
8.12	0.96041856
8.1225	0.979676785
8.125	0.773552517
8.1275	0.3892747
8.13	-0.084805724
8.1325	-0.539486813
8.135	-0.869858488
8.1375	-0.999531094
8.14	-0.898349202
8.1425	-0.589471565
8.145	-0.144139848
8.1475	0.334698741
8.15	0.736162803
8.1525	0.967119487
8.155	0.973828544
8.1575	0.754508801
8.16	0.359874488
8.1625	-0.118528049
8.165	-0.569515953
8.1675	-0.888100124
8.17	-0.999951527
8.1725	-0.878796339
8.175	-0.552656761
8.1775	-0.097439519
8.18	0.380677736
8.1825	0.76998764
8.185	0.979362685
8.1875	0.95962829
8.19	0.715176824
8.1925	0.303064735
8.195	-0.18024208
8.1975	-0.621410464
8.2	-0.916811248
8.2025	-0.996891181
8.205	-0.842606868
8.2075	-0.490024501
8.21	-0.021958344
8.2125	0.451430239
8.215	0.818540192
8.2175	0.992656585
8.22	0.932481234
8.2225	0.651996237
8.225	0.217288939
8.2275	-0.268959093
8.23	-0.691693071
8.2325	-0.95071067
8.235	-0.984449705
8.2375	-0.784682294
8.24	-0.398593685
8.2425	0.082295
8.245	0.543776016
8.2475	0.876066168
8.25	0.999947259
8.2525	0.885706063
8.255	0.56033286
8.2575	0.101217948
8.26	-0.382199642
8.2625	-0.774493264
8.265	-0.981819938
8.2675	-0.954413662
8.27	-0.698598891
8.2725	-0.275408238
8.275	0.213914178
8.2775	0.652096174
8.28	0.933940582
8.2825	0.991614166
8.285	0.811035222
8.2875	0.435386247
8.29	-0.045141406
8.2925	-0.514952795
8.295	-0.860841118
8.2975	-0.999288065
8.3	-0.896684152
8.3025	-0.577560787
8.305	-0.118800599
8.3075	0.368826357
8.31	0.767380754
8.3125	0.980288905
8.315	0.955788428
8.3175	0.69958198
8.32	0.273589316
8.3225	-0.218951069
8.325	-0.658462449
8.3275	-0.938057706
8.33	-0.989568676
8.3325	-0.800230001
8.335	-0.415918972
8.3375	0.06988832
8.34	0.538803953
8.3425	0.876364276
8.345	0.99999514
8.3475	0.87926818
8.35	0.543465433
8.3525	0.074553747
8.355	-0.412764638
8.3575	-0.799084446
8.36	-0.989568166
8.3625	-0.937276817
8.365	-0.65480932
8.3675	-0.211346808
8.37	0.284225562
8.3725	0.710017855
8.375	0.96111787
8.3775	0.975481361
8.38	0.749331007
8.3825	0.338225648
8.385	-0.15651748
8.3875	-0.612747249
8.39	-0.917629729
8.3925	-0.995585678
8.395	-0.827089566
8.3975	-0.45363884
8.4	0.032389912
8.4025	0.510537566
8.405	0.862099648
8.4075	0.999618196
8.41	0.888695776
8.4125	0.556676802
8.415	0.085986377
8.4175	-0.406271119
8.42	-0.79741945
8.4225	-0.989796075
8.425	-0.93518716
8.4275	-0.646986124
8.43	-0.196991213
8.4325	0.302414007
8.435	0.72629174
8.4375	0.968410242
8.44	0.967910948
8.4425	0.724677605
8.445	0.299508436
8.4475	-0.201008337
8.45	-0.651171706
8.4525	-0.93773224
8.455	-0.988418944
8.4575	-0.79023399
8.46	-0.392867378
8.4625	0.103684731
8.465	0.574232521
8.4675	0.899942402
8.47	0.998376615
8.4725	0.844421848
8.475	0.476777923
8.4775	-0.011689884
8.48	-0.497350562
8.4825	-0.857077824
8.485	-0.999487374
8.4875	-0.888210735
8.49	-0.551263601
8.4925	-0.074075529
8.495	0.422106569
8.4975	0.810997909
8.5	0.993431941
8.5025	0.922701551
8.505	0.616596133
8.5075	0.153012692
8.51	-0.349798983
8.5125	-0.763364918
8.515	-0.981821902
8.5175	-0.949065041
8.52	-0.673233891
8.5225	-0.224777546
8.525	0.281466047
8.5275	0.715636802
8.53	0.96616606
8.5325	0.968490589
8.535	0.721765895
8.5375	0.289233412
8.54	-0.217913663
8.5425	-0.669069662
8.545	-0.947847848
8.5475	-0.982144881
8.55	-0.762862249
8.5525	-0.346405304
8.555	0.159746473
8.5575	0.624727342
8.56	0.928111954
8.5625	0.991139616
8.565	0.797231371
8.5675	0.396437312
8.57	-0.10740008
8.5725	-0.583495927
8.575	-0.908058274
8.5775	-0.996507154
8.58	-0.825583911
8.5825	-0.439553972
8.585	0.061172817
8.5875	0.546101206
8.59	0.888641412
8.5925	0.999182899
8.595	0.848602993
8.5975	0.476026086
8.6	-0.02125581
8.6025	-0.513127479
8.605	-0.870674102
8.6075	-0.999993152
8.61	-0.866920154
8.6125	-0.506141199
8.615	-0.012239518
8.6175	0.485036344
8.62	0.854833071
8.6225	0.999647222
8.625	0.881096329
8.6275	0.530178694
8.63	0.039257141
8.6325	-0.462184424
8.635	-0.841666114
8.6375	-0.998732679
8.64	-0.891607111
8.6425	-0.548389337
8.645	-0.059775689
8.6475	0.444839173
8.65	0.831599331
8.6525	0.99771275
8.655	0.898831636
8.6575	0.56097902
8.66	0.073791534
8.6625	-0.433192136
8.665	-0.824943659
8.6675	-0.996925019
8.67	-0.903044438
8.6725	-0.568096455
8.675	-0.081305827
8.6775	0.427369192
8.68	0.821900053
8.6825	0.996580769
8.685	0.904409785
8.6875	0.569824568
8.69	0.082315572
8.6925	-0.427437438
8.695	-0.82256283
8.6975	-0.996764463
8.7	-0.902978116
8.7025	-0.566175443
8.705	-0.076808788
8.7075	0.433408481
8.71	0.826920835
8.7125	0.997433051
8.715	0.898684355
8.7175	0.557088715
8.72	0.064763794
8.7225	-0.445238004
8.725	-0.834856289
8.7275	-0.998414979
8.73	-0.891348049
8.7325	-0.542433434
8.735	-0.046152703
8.7375	0.462821555
8.74	0.846141298
8.7425	0.999408961
8.745	0.880675449
8.7475	0.52201353
8.75	0.020949164
8.7525	-0.485986583
8.755	-0.860432186
8.7575	-0.99998277
8.76	-0.866263816
8.7625	-0.495577087
8.765	0.010859547
8.7675	0.514480865
8.77	0.877261986
8.7725	0.999572504
8.775	0.847608411
8.7775	0.46282977
8.78	-0.04925605
8.7825	-0.547957572
8.785	-0.896031608
8.7875	-0.997483001
8.79	-0.82411279
8.7925	-0.42345275
8.795	0.09417199
8.7975	0.585957381
8.8	0.916000428
8.8025	0.992890258
8.805	0.795103161
8.8075	0.377125558
8.81	-0.145462861
8.8125	-0.627888244
8.815	-0.936277257
8.8175	-0.984846938
8.82	-0.759847651
8.8225	-0.323554232
8.825	0.202878788
8.8275	0.673003666
8.83	0.955812928
8.8325	0.972292228
8.835	0.717581425
8.8375	0.262505048
8.84	-0.266031733
8.8425	-0.72038061
8.845	-0.973396001
8.8475	-0.954067468
8.85	-0.667538562
8.8525	-0.193843932
8.855	0.334359929
8.8575	0.768898558
8.86	0.987653355
8.8625	0.928939105
8.865	0.608991521
8.8675	0.117581381
8.87	-0.407090698
8.8725	-0.817221557
8.875	-0.99705771
8.8775	-0.895630545
8.88	-0.541298818
8.8825	-0.033922322
8.885	0.483203343
8.8875	0.863785587
8.89	0.999944342
8.8925	0.85286443
8.895	0.463961203
8.8975	-0.056680214
8.9	-0.561394314
8.9025	-0.906793942
8.905	-0.99453936
8.9075	-0.799416657
8.91	-0.376686102
8.9125	0.15346936
8.915	0.640047521
8.9175	0.944223737
8.92	0.979001996
8.9225	0.73418307
8.925	0.279459419
8.9275	-0.255329208
8.93	-0.717213313
8.9325	-0.973846968
8.935	-0.951483102
8.9375	-0.656259122
8.94	-0.17262287
8.9425	0.360733623
8.945	0.790600269
8.9475	0.993269676
8.95	0.910201733
8.9525	0.565031953
8.955	0.056953915
8.9575	-0.467703562
8.96	-0.857584554
8.9625	-0.999992737
8.965	-0.853540888
8.9675	-0.460283122
8.97	0.066255898
8.9725	0.573778398
8.975	0.915241938
8.9775	0.991497373
8.98	0.780162463
8.9825	0.342298747
8.985	-0.195129892
8.9875	-0.676007668
8.99	-0.960407703
8.9925	-0.965357689
8.995	-0.689139884
8.9975	-0.211982026
9	0.327149632
9.0025	0.770970426
9.005	0.989769333
9.0075	0.919381199
9.01	0.580104963
9.0125	0.070961074
9.015	-0.459121375
9.0175	-0.854829702
9.02	-0.999995987
9.0225	-0.85177637
9.025	-0.453403053
9.0275	0.078317179
9.03	0.587175401
9.0325	0.92342943
9.035	0.987907153
9.0375	0.761343597
9.04	0.310247764
9.0425	-0.232518417
9.045	-0.706808825
9.0475	-0.972440228
9.05	-0.95068041
9.0525	-0.647682774
9.055	-0.152863442
9.0575	0.387390999
9.06	0.812982544
9.0625	0.99755848
9.065	0.886094837
9.0675	0.51140674
9.07	-0.015399542
9.0725	-0.537789283
9.075	-0.900281942
9.0775	-0.99476006
9.08	-0.792802214
9.0825	-0.354345596
9.085	0.189994447
9.0875	0.677765195
9.09	0.963148676
9.0925	0.960605567
9.095	0.670612908
9.0975	0.179722462
9.1	-0.365172638
9.1025	-0.800742062
9.105	-0.996186867
9.1075	-0.89258812
9.11	-0.520777437
9.1125	0.007722849
9.115	0.5340636
9.1175	0.899781823
9.12	0.994541184
9.1225	0.789507645
9.125	0.346238526
9.1275	-0.201688899
9.13	-0.688860194
9.1325	-0.967951668
9.135	-0.95433654
9.1375	-0.651847523
9.14	-0.151822724
9.1425	0.394374599
9.145	0.821125296
9.1475	0.998788428
9.15	0.873159553
9.1525	0.482121004
9.155	-0.055663897
9.1575	-0.576675154
9.16	-0.922229339
9.1625	-0.986848712
9.165	-0.750550985
9.1675	-0.285146854
9.17	0.26747368
9.1725	0.73853454
9.175	0.983918079
9.1775	0.928319905
9.18	0.588466922
9.1825	0.068207389
9.185	-0.473125437
9.1875	-0.869468295
9.19	-0.998996061
9.1925	-0.821652473
9.195	-0.391655663
9.1975	0.158961064
9.2	0.660813147
9.2025	0.959256813
9.205	0.962094044
9.2075	0.668158639
9.21	0.167888862
9.2125	-0.384393568
9.215	-0.818034056
9.2175	-0.998790781
9.22	-0.870469036
9.2225	-0.47250814
9.225	0.07201855
9.2275	0.594377992
9.23	0.932436617
9.2325	0.981027384
9.235	0.72476518
9.2375	0.243040901
9.24	-0.31446251
9.2425	-0.774216522
9.245	-0.992863825
9.2475	-0.901989888
9.25	-0.52964511
9.2525	0.008188298
9.255	0.543629355
9.2575	0.909266539
9.26	0.990536826
9.2625	0.761716526
9.265	0.294187732
9.2675	-0.265713483
9.27	-0.742429831
9.2725	-0.98622663
9.275	-0.920289445
9.2775	-0.565040928
9.28	-0.031943618
9.2825	0.511373078
9.285	0.893782782
9.2875	0.994592849
9.29	0.781729949
9.2925	0.322070032
9.295	-0.239452642
9.2975	-0.725469841
9.3	-0.982198761
9.3025	-0.928165762
9.305	-0.580177017
9.3075	-0.048221931
9.31	0.499188991
9.3125	0.888361262
9.315	0.995560215
9.3175	0.786445459
9.32	0.327198812
9.3225	-0.236299441
9.325	-0.724733303
9.3275	-0.982406298
9.33	-0.926937666
9.3325	-0.575716783
9.335	-0.04058414
9.3375	0.507678886
9.34	0.893810199
9.3425	0.994124429
9.345	0.776227973
9.3475	0.309608913
9.35	-0.256400188
9.3525	-0.740337841
9.355	-0.986785792
9.3575	-0.91635092
9.36	-0.55136121
9.3625	-0.008921454
9.365	0.536556517
9.3675	0.909393402
9.37	0.989259036
9.3725	0.750108738
9.375	0.268808405
9.3775	-0.299448711
9.38	-0.771111506
9.3825	-0.993561117
9.385	-0.894569748
9.3875	-0.50587641
9.39	0.046855127
9.3925	0.584563811
9.395	0.932766468
9.3975	0.978220892
9.4	0.705861661
9.4025	0.203927138
9.405	-0.364507546
9.4075	-0.814447308
9.41	-0.999194194
9.4125	-0.858260485
9.415	-0.437302043
9.4175	0.126538279
9.42	0.649216723
9.4225	0.959839863
9.425	0.956594827
9.4275	0.640235915
9.43	0.114076545
9.4325	-0.44963414
9.435	-0.86604568
9.4375	-0.998345862
9.44	-0.802805422
9.4425	-0.343366444
9.445	0.229135355
9.4475	0.72640683
9.45	0.98461743
9.4525	0.918443983
9.455	0.549389447
9.4575	-0.001063745
9.46	-0.551334385
9.4625	-0.919601133
9.465	-0.983920424
9.4675	-0.722713219
9.47	-0.222143409
9.4725	0.352178573
9.475	0.809916792
9.4775	0.999098236
9.48	0.856654808
9.4825	0.429582094
9.485	-0.140427144
9.4875	-0.663897324
9.49	-0.966531317
9.4925	-0.947304811
9.495	-0.612311164
9.4975	-0.072978364
9.5	0.490877829
9.5025	0.890953461
9.505	0.99337285
9.5075	0.763590269
9.51	0.278182862
9.5125	-0.300536538
9.515	-0.77871538
9.5175	-0.995897118
9.52	-0.878944856
9.5225	-0.466804356
9.525	0.102322069
9.5275	0.63721611
9.53	0.957861965
9.5325	0.956085631
9.535	0.63216995
9.5375	0.095011653
9.54	-0.474366644
9.5425	-0.883765115
9.545	-0.994714537
9.5475	-0.769414002
9.55	-0.283753225
9.5525	0.298113711
9.555	0.779171162
9.5575	0.996250603
9.56	0.875458127
9.5625	0.457464726
9.565	-0.116041843
9.5675	-0.650281369
9.57	-0.963507536
9.5725	-0.948896546
9.575	-0.611103901
9.5775	-0.064937067
9.58	0.503542568
9.5825	0.900351552
9.585	0.989811664
9.5875	0.741051082
9.59	0.238805119
9.5925	-0.34531064
9.595	-0.811363244
9.5975	-0.999544039
9.6	-0.845057644
9.6025	-0.400575085
9.605	0.181577372
9.6075	0.701522073
9.61	0.980438691
9.6125	0.922134176
9.615	0.546351197
9.6175	-0.017763679
9.62	-0.575926697
9.6225	-0.935586524
9.625	-0.972396381
9.6275	-0.67332558
9.63	-0.141422498
9.6325	0.439559399
9.635	0.868575908
9.6375	0.996885443
9.64	0.779723288
9.6425	0.292068815
9.645	-0.297098461
9.6475	-0.783265669
9.65	-0.997377483
9.6525	-0.864709107
9.655	-0.431089214
9.6575	0.152778704
9.66	0.683587008
9.6625	0.976194207
9.665	0.928268652
9.6675	0.556211574
9.67	-0.010297635
9.6725	-0.573378654
9.675	-0.936024135
9.6775	-0.971075002
9.68	-0.665931689
9.6825	-0.127237375
9.685	0.456256699
9.6875	0.879761167
9.69	0.994350439
9.6925	0.759442747
9.695	0.257326683
9.6975	-0.3355184
9.7	-0.810364808
9.7025	-0.999731032
9.705	-0.836548759
9.7075	-0.378067157
9.71	0.214077537
9.7125	0.730744237
9.715	0.989139909
9.7175	0.897569376
9.72	0.488118656
9.7225	-0.094427828
9.725	-0.643666723
9.7275	-0.964673337
9.73	-0.94324231
9.7325	-0.586654403
9.735	-0.021369786
9.7375	0.551689474
9.74	0.928502116
9.7425	0.974628285
9.745	0.673300876
9.7475	0.131680396
9.75	-0.457113076
9.7525	-0.882789486
9.755	-0.993022223
9.7575	-0.748072068
9.76	-0.235273326
9.7625	0.361954022
9.765	0.829625657
9.7675	0.9998732
9.77	0.811302162
9.7725	0.331289373
9.775	-0.267933475
9.7775	-0.770978228
9.78	-0.996714725
9.7825	-0.863579767
9.785	-0.419200789
9.7875	0.176479314
9.79	0.708657219
9.7925	0.985106018
9.795	0.90568611
9.7975	0.498767167
9.8	-0.088738554
9.8025	-0.644293
9.805	-0.966584328
9.8075	-0.938538792
9.81	-0.569989846
9.8125	0.005597466
9.815	0.579325272
9.8175	0.942627785
9.82	0.963142098
9.8225	0.633066909
9.825	0.072293038
9.8275	-0.515001129
9.83	-0.914627943
9.8325	-0.98054433
9.835	-0.688350309
9.8375	-0.144488793
9.84	0.452380338
9.8425	0.883870912
9.845	0.991802174
9.8475	0.736306222
9.85	0.2107223
9.8525	-0.392346061
9.855	-0.851525882
9.8575	-0.997951821
9.86	-0.777479286
9.8625	-0.270872526
9.865	0.335619445
9.8675	0.818639768
9.87	0.999986314
9.8725	0.812461083
9.875	0.324935651
9.8775	-0.2827767
9.88	-0.786136757
9.8825	-0.99883844
9.885	-0.84186293
9.8875	-0.37299752
9.89	0.234267485
9.8925	0.7548216
9.895	0.995368409
9.8975	0.866292859
9.9	0.41520833
9.9025	-0.190433671
9.905	-0.725385586
9.9075	-0.990355528
9.91	-0.886336499
9.9125	-0.451759845
9.915	0.151527692
9.9175	0.698414265
9.92	0.984493086
9.9225	0.902541506
9.925	0.482865309
9.9275	-0.117729895
9.93	-0.674396113
9.9325	-0.978385708
9.935	-0.915405103
9.9375	-0.508742062
9.94	0.089164461
9.9425	0.653731437
9.945	0.972548492
9.9475	0.925364302
9.95	0.52959682
9.9525	-0.06591355
9.955	-0.636740968
9.9575	-0.967407331
9.96	-0.932788371
9.9625	-0.545613501
9.965	0.04802946
9.9675	0.623673655
9.97	0.96329988
9.9725	0.937973153
9.975	0.556943453
9.9775	-0.035544647
9.98	-0.614713313
9.9825	-0.960476754
9.985	-0.941136894
9.9875	-0.563697958
9.99	0.028479487
9.9925	0.609983826
9.995	0.959102578
9.9975	0.942417294
10	0.565942877